# E_gamma(MeV)   Spectrum
5.145440e-01 1.569052e+20
5.413360e-01 1.876463e+20
5.695230e-01 2.202737e+20
5.991770e-01 2.323226e+20
6.303750e-01 2.394505e+20
6.631980e-01 2.431667e+20
6.977300e-01 2.439960e+20
7.340600e-01 2.425757e+20
7.722810e-01 2.393011e+20
8.124930e-01 2.350417e+20
8.547980e-01 2.298610e+20
8.993070e-01 2.238191e+20
9.461320e-01 2.175592e+20
9.953960e-01 2.109216e+20
1.047230e+00 2.042771e+20
1.101750e+00 1.974201e+20
1.159120e+00 1.907708e+20
1.219470e+00 1.840667e+20
1.282970e+00 1.775756e+20
1.349770e+00 1.710010e+20
1.420050e+00 1.647489e+20
1.493990e+00 1.586856e+20
1.571780e+00 1.526366e+20
1.653620e+00 1.468658e+20
1.739730e+00 1.411412e+20
1.830310e+00 1.356754e+20
1.925610e+00 1.303969e+20
2.025880e+00 1.253100e+20
2.131360e+00 1.202206e+20
2.242340e+00 1.153796e+20
2.359100e+00 1.106742e+20
2.481930e+00 1.061058e+20
2.611160e+00 1.018004e+20
2.747120e+00 9.741246e+19
2.890160e+00 9.329922e+19
3.040650e+00 8.920093e+19
3.198970e+00 8.540283e+19
3.365530e+00 8.158029e+19
3.540770e+00 7.789277e+19
3.725140e+00 7.434714e+19
3.919100e+00 7.092904e+19
4.123160e+00 6.758241e+19
4.337850e+00 6.442301e+19
4.563720e+00 6.128150e+19
4.801340e+00 5.830449e+19
5.051340e+00 5.539297e+19
5.314360e+00 5.258951e+19
5.591070e+00 4.993757e+19
5.882190e+00 4.731445e+19
6.188470e+00 4.480713e+19
6.510690e+00 4.240130e+19
6.849700e+00 4.009992e+19
7.206350e+00 3.787213e+19
7.581580e+00 3.573312e+19
7.976340e+00 3.368094e+19
8.391660e+00 3.176280e+19
8.828600e+00 2.986480e+19
9.288290e+00 2.808495e+19
9.771920e+00 2.638137e+19
1.028070e+01 2.477004e+19
1.081600e+01 2.322196e+19
1.137920e+01 2.173781e+19
1.197170e+01 2.036165e+19
1.259510e+01 1.904391e+19
1.325090e+01 1.779949e+19
1.394080e+01 1.661011e+19
1.466670e+01 1.549992e+19
1.543040e+01 1.446185e+19
1.623380e+01 1.346809e+19
1.707910e+01 1.253823e+19
1.796840e+01 1.166526e+19
1.890400e+01 1.085620e+19
1.988830e+01 1.009243e+19
2.092380e+01 9.379453e+18
2.201330e+01 8.716585e+18
2.315950e+01 8.092314e+18
2.436540e+01 7.516501e+18
2.563410e+01 6.976927e+18
2.696880e+01 6.478427e+18
2.837300e+01 6.007987e+18
2.985040e+01 5.576386e+18
3.140470e+01 5.173549e+18
3.303990e+01 4.804792e+18
3.476020e+01 4.457902e+18
3.657010e+01 4.137233e+18
3.847430e+01 3.840248e+18
4.047760e+01 3.566450e+18
4.258520e+01 3.313223e+18
4.480250e+01 3.079056e+18
4.713530e+01 2.862011e+18
4.958960e+01 2.664972e+18
5.217170e+01 2.483601e+18
5.488820e+01 2.319688e+18
5.774620e+01 2.169968e+18
6.075290e+01 2.035705e+18
6.391620e+01 1.917066e+18
6.724430e+01 1.813718e+18
7.074560e+01 1.726481e+18
7.442920e+01 1.654214e+18
7.830470e+01 1.597876e+18
8.238190e+01 1.556355e+18
8.667140e+01 1.529851e+18
9.118430e+01 1.514756e+18
9.593210e+01 1.507480e+18
1.009270e+02 1.502394e+18
1.061820e+02 1.493120e+18
1.117110e+02 1.468544e+18
1.175280e+02 1.422479e+18
1.236470e+02 1.349024e+18
1.300850e+02 1.242376e+18
1.368590e+02 1.108467e+18
1.439850e+02 9.539442e+17
1.514820e+02 7.904708e+17
1.593690e+02 6.306800e+17
1.676680e+02 4.866354e+17
1.763980e+02 3.632073e+17
1.855830e+02 2.623913e+17
1.952460e+02 1.860552e+17
2.054120e+02 1.283167e+17
2.161070e+02 8.743955e+16
2.273600e+02 5.909542e+16
2.391980e+02 3.923394e+16
2.516530e+02 2.568768e+16
2.647560e+02 1.611662e+16
2.785410e+02 9.748317e+15
2.930450e+02 5.857524e+15
3.083030e+02 3.389688e+15
3.243560e+02 1.933239e+15
3.412450e+02 1.069362e+15
3.590130e+02 5.595343e+14
3.777060e+02 2.829164e+14
3.973730e+02 1.339166e+14
4.180640e+02 6.283735e+13
4.398320e+02 3.026548e+13
4.627330e+02 1.372109e+13
4.868270e+02 5.778209e+12
5.121760e+02 2.250178e+12
5.388440e+02 8.376881e+11
5.669010e+02 3.338711e+11
5.964180e+02 1.212383e+11
6.274730e+02 3.971394e+10
6.601450e+02 1.278120e+10
6.945180e+02 3.826041e+09
7.306800e+02 1.167153e+09
7.687260e+02 3.127131e+08
8.087520e+02 7.626355e+07
8.508630e+02 1.993488e+07
8.951660e+02 4.203612e+06
9.417770e+02 9.005942e+05
9.908140e+02 1.840474e+05
1.042400e+03 2.865004e+04
1.096680e+03 5.337655e+03
1.153780e+03 7.806410e+02
1.213860e+03 9.907597e+01
1.277060e+03 1.404555e+01
1.343560e+03 1.369758e+00
1.413520e+03 1.718287e-01
1.487120e+03 1.652766e-02
1.564550e+03 7.329608e-04
1.646010e+03 6.288123e-05
1.731720e+03 3.389288e-06
1.821890e+03 1.934332e-07
1.916750e+03 8.016890e-09
2.016550e+03 2.728556e-10
2.121550e+03 1.068097e-11
2.232020e+03 2.799889e-13
2.348230e+03 6.129936e-15
2.470500e+03 1.203267e-16
2.599140e+03 1.861719e-18
2.734470e+03 2.119582e-20
2.876850e+03 2.320497e-22
3.026650e+03 1.767097e-24
3.184240e+03 9.761959e-27
3.350040e+03 5.178287e-29
3.524470e+03 1.641270e-31
3.707990e+03 4.556346e-34
3.901060e+03 8.376917e-37
4.104180e+03 1.242486e-39
4.317880e+03 1.126183e-42
4.542710e+03 8.559770e-46
4.779240e+03 3.813446e-49
5.028090e+03 1.211842e-52
5.289890e+03 2.806348e-56
5.565330e+03 3.685001e-60
5.855110e+03 2.868026e-64
6.159980e+03 1.500617e-68
6.480720e+03 5.164935e-73
6.818160e+03 1.275066e-77
7.173170e+03 2.258479e-82
7.546670e+03 1.262103e-87
7.939620e+03 1.738571e-93
8.353020e+03 1.609232e-98
8.787950e+03 2.652587e-104
9.245530e+03 5.602495e-111
9.726930e+03 5.664787e-117
1.023340e+04 5.609013e-124
1.076620e+04 8.790754e-130
1.132680e+04 1.594917e-137
1.191660e+04 2.545916e-149
1.253710e+04 5.557266e-158
1.318990e+04 3.680445e-167
1.387660e+04 2.567444e-171
1.459920e+04 7.068720e-186
1.535930e+04 3.913826e-191
1.615910e+04 9.072279e-206
1.700050e+04 1.276708e-220
1.788570e+04 5.555306e-233
1.881690e+04 2.639529e-237
1.979670e+04 8.592344e-251
2.082750e+04 5.581782e-265
2.191200e+04 1.201742e-278
2.305290e+04 1.514889e-283
2.425320e+04 2.819903e-285
2.551610e+04 4.807512e-294
2.684460e+04 1.130266e-295
2.824240e+04 0.000000e+00
2.971300e+04 0.000000e+00
3.126010e+04 0.000000e+00
3.288770e+04 0.000000e+00
3.460020e+04 0.000000e+00
3.640170e+04 0.000000e+00
3.829710e+04 0.000000e+00
4.029120e+04 0.000000e+00
4.238910e+04 0.000000e+00
4.459630e+04 0.000000e+00
4.691830e+04 0.000000e+00
4.936130e+04 0.000000e+00
5.193150e+04 0.000000e+00
5.463550e+04 0.000000e+00
5.748030e+04 0.000000e+00
6.047320e+04 0.000000e+00
6.362200e+04 0.000000e+00
6.693470e+04 0.000000e+00
7.041990e+04 0.000000e+00
7.408660e+04 0.000000e+00
7.794420e+04 0.000000e+00
8.200260e+04 0.000000e+00
8.627240e+04 0.000000e+00
9.076450e+04 0.000000e+00
9.549040e+04 0.000000e+00
1.004630e+05 0.000000e+00
1.056930e+05 0.000000e+00
1.111970e+05 0.000000e+00
1.169870e+05 0.000000e+00
1.230780e+05 0.000000e+00
1.294860e+05 0.000000e+00
1.362290e+05 0.000000e+00
1.433220e+05 0.000000e+00
1.507850e+05 0.000000e+00
1.586360e+05 0.000000e+00
1.668960e+05 0.000000e+00
1.755860e+05 0.000000e+00
1.847280e+05 0.000000e+00
1.943470e+05 0.000000e+00
2.044660e+05 0.000000e+00
2.151120e+05 0.000000e+00
2.263130e+05 0.000000e+00
2.380970e+05 0.000000e+00
2.504940e+05 0.000000e+00
2.635370e+05 0.000000e+00
2.772590e+05 0.000000e+00
2.916960e+05 0.000000e+00
3.068840e+05 0.000000e+00
3.228630e+05 0.000000e+00
3.396740e+05 0.000000e+00
3.573600e+05 0.000000e+00
3.759670e+05 0.000000e+00
3.955440e+05 0.000000e+00
4.161390e+05 0.000000e+00
4.378070e+05 0.000000e+00
4.606030e+05 0.000000e+00
4.845860e+05 0.000000e+00
5.098180e+05 0.000000e+00
5.363630e+05 0.000000e+00
5.642910e+05 0.000000e+00
5.936730e+05 0.000000e+00
6.245840e+05 0.000000e+00
6.571060e+05 0.000000e+00
6.913200e+05 0.000000e+00
7.273170e+05 0.000000e+00
7.651870e+05 0.000000e+00
8.050290e+05 0.000000e+00
8.469460e+05 0.000000e+00
8.910450e+05 0.000000e+00
9.374410e+05 0.000000e+00
9.862520e+05 0.000000e+00
1.037610e+06 0.000000e+00
1.091630e+06 0.000000e+00
1.148470e+06 0.000000e+00
1.208270e+06 0.000000e+00
1.271180e+06 0.000000e+00
1.337370e+06 0.000000e+00
1.407010e+06 0.000000e+00
1.480270e+06 0.000000e+00
1.557340e+06 0.000000e+00
1.638430e+06 0.000000e+00
1.723740e+06 0.000000e+00
1.813500e+06 0.000000e+00
1.907920e+06 0.000000e+00
2.007270e+06 0.000000e+00
2.111780e+06 0.000000e+00
2.221740e+06 0.000000e+00
2.337420e+06 0.000000e+00
2.459130e+06 0.000000e+00
2.587170e+06 0.000000e+00
2.721880e+06 0.000000e+00
2.863610e+06 0.000000e+00
3.012710e+06 0.000000e+00
3.169580e+06 0.000000e+00
3.334620e+06 0.000000e+00
3.508250e+06 0.000000e+00
3.690920e+06 0.000000e+00
3.883100e+06 0.000000e+00
4.085290e+06 0.000000e+00
4.298000e+06 0.000000e+00
4.521790e+06 0.000000e+00
4.757240e+06 0.000000e+00
5.004940e+06 0.000000e+00
5.265540e+06 0.000000e+00
5.539710e+06 0.000000e+00
5.828150e+06 0.000000e+00
6.131620e+06 0.000000e+00
6.450880e+06 0.000000e+00
6.786770e+06 0.000000e+00
7.140150e+06 0.000000e+00
7.511930e+06 0.000000e+00
7.903070e+06 0.000000e+00
8.314570e+06 0.000000e+00
8.747500e+06 0.000000e+00
9.202970e+06 0.000000e+00
9.682150e+06 0.000000e+00
1.018630e+07 0.000000e+00
1.071670e+07 0.000000e+00
1.127470e+07 0.000000e+00
1.186170e+07 0.000000e+00
1.247940e+07 0.000000e+00
1.312910e+07 0.000000e+00
1.381280e+07 0.000000e+00
1.453200e+07 0.000000e+00
1.528860e+07 0.000000e+00
1.608470e+07 0.000000e+00
1.692220e+07 0.000000e+00
1.780330e+07 0.000000e+00
1.873030e+07 0.000000e+00
1.970560e+07 0.000000e+00
2.073160e+07 0.000000e+00
2.181110e+07 0.000000e+00
2.294680e+07 0.000000e+00
2.414160e+07 0.000000e+00
2.539860e+07 0.000000e+00
2.672110e+07 0.000000e+00
2.811240e+07 0.000000e+00
2.957620e+07 0.000000e+00
3.111620e+07 0.000000e+00
3.273630e+07 0.000000e+00
3.444090e+07 0.000000e+00
3.623420e+07 0.000000e+00
3.812080e+07 0.000000e+00
4.010570e+07 0.000000e+00
4.219400e+07 0.000000e+00
4.439100e+07 0.000000e+00
4.670230e+07 0.000000e+00
4.913410e+07 0.000000e+00
5.169240e+07 0.000000e+00
5.438400e+07 0.000000e+00
5.721570e+07 0.000000e+00
6.019480e+07 0.000000e+00
6.332910e+07 0.000000e+00
6.662650e+07 0.000000e+00
7.009570e+07 0.000000e+00
7.374550e+07 0.000000e+00
7.758530e+07 0.000000e+00
8.162510e+07 0.000000e+00
8.587520e+07 0.000000e+00
9.034660e+07 0.000000e+00
9.505080e+07 0.000000e+00
1.000000e+08 0.000000e+00
