# Mean mass (g): 5.08e+14
1 3.595068e+14
2 3.618208e+14
3 3.667793e+14
4 3.717379e+14
5 3.862831e+14
6 3.928946e+14
7 3.932251e+14
8 3.942168e+14
9 3.945474e+14
10 3.952086e+14
11 3.971920e+14
12 3.975226e+14
13 3.991754e+14
14 4.011589e+14
15 4.034729e+14
16 4.057869e+14
17 4.064480e+14
18 4.067786e+14
19 4.090926e+14
20 4.090926e+14
21 4.097537e+14
22 4.104149e+14
23 4.117372e+14
24 4.127289e+14
25 4.127289e+14
26 4.127289e+14
27 4.130595e+14
28 4.133900e+14
29 4.147123e+14
30 4.157041e+14
31 4.157041e+14
32 4.157041e+14
33 4.166958e+14
34 4.166958e+14
35 4.180181e+14
36 4.180181e+14
37 4.193403e+14
38 4.196709e+14
39 4.200015e+14
40 4.203321e+14
41 4.216544e+14
42 4.223155e+14
43 4.223155e+14
44 4.226461e+14
45 4.229766e+14
46 4.236378e+14
47 4.246295e+14
48 4.252906e+14
49 4.252906e+14
50 4.252906e+14
51 4.259518e+14
52 4.262824e+14
53 4.266129e+14
54 4.276047e+14
55 4.282658e+14
56 4.282658e+14
57 4.282658e+14
58 4.285964e+14
59 4.289269e+14
60 4.299187e+14
61 4.299187e+14
62 4.302492e+14
63 4.305798e+14
64 4.312410e+14
65 4.319021e+14
66 4.322327e+14
67 4.322327e+14
68 4.325632e+14
69 4.332244e+14
70 4.338855e+14
71 4.338855e+14
72 4.338855e+14
73 4.342161e+14
74 4.352078e+14
75 4.355384e+14
76 4.355384e+14
77 4.358690e+14
78 4.365301e+14
79 4.365301e+14
80 4.365301e+14
81 4.368607e+14
82 4.371913e+14
83 4.375218e+14
84 4.375218e+14
85 4.378524e+14
86 4.381830e+14
87 4.398358e+14
88 4.398358e+14
89 4.398358e+14
90 4.401664e+14
91 4.401664e+14
92 4.408275e+14
93 4.411581e+14
94 4.414887e+14
95 4.414887e+14
96 4.421498e+14
97 4.421498e+14
98 4.424804e+14
99 4.428110e+14
100 4.431416e+14
101 4.434721e+14
102 4.434721e+14
103 4.438027e+14
104 4.438027e+14
105 4.438027e+14
106 4.441333e+14
107 4.441333e+14
108 4.441333e+14
109 4.444638e+14
110 4.451250e+14
111 4.451250e+14
112 4.451250e+14
113 4.454556e+14
114 4.454556e+14
115 4.457861e+14
116 4.457861e+14
117 4.461167e+14
118 4.461167e+14
119 4.461167e+14
120 4.467779e+14
121 4.467779e+14
122 4.471084e+14
123 4.471084e+14
124 4.477696e+14
125 4.477696e+14
126 4.477696e+14
127 4.477696e+14
128 4.481001e+14
129 4.484307e+14
130 4.487613e+14
131 4.487613e+14
132 4.487613e+14
133 4.490919e+14
134 4.490919e+14
135 4.494224e+14
136 4.497530e+14
137 4.497530e+14
138 4.500836e+14
139 4.504141e+14
140 4.504141e+14
141 4.507447e+14
142 4.510753e+14
143 4.510753e+14
144 4.510753e+14
145 4.517364e+14
146 4.517364e+14
147 4.517364e+14
148 4.517364e+14
149 4.520670e+14
150 4.520670e+14
151 4.523976e+14
152 4.527282e+14
153 4.527282e+14
154 4.533893e+14
155 4.537199e+14
156 4.540504e+14
157 4.540504e+14
158 4.543810e+14
159 4.543810e+14
160 4.547116e+14
161 4.547116e+14
162 4.557033e+14
163 4.560339e+14
164 4.560339e+14
165 4.560339e+14
166 4.563644e+14
167 4.563644e+14
168 4.566950e+14
169 4.566950e+14
170 4.566950e+14
171 4.570256e+14
172 4.570256e+14
173 4.573562e+14
174 4.573562e+14
175 4.576867e+14
176 4.576867e+14
177 4.580173e+14
178 4.580173e+14
179 4.583479e+14
180 4.586785e+14
181 4.586785e+14
182 4.590090e+14
183 4.593396e+14
184 4.593396e+14
185 4.593396e+14
186 4.593396e+14
187 4.593396e+14
188 4.596702e+14
189 4.596702e+14
190 4.596702e+14
191 4.596702e+14
192 4.600007e+14
193 4.600007e+14
194 4.603313e+14
195 4.606619e+14
196 4.609925e+14
197 4.609925e+14
198 4.613230e+14
199 4.613230e+14
200 4.613230e+14
201 4.613230e+14
202 4.616536e+14
203 4.619842e+14
204 4.619842e+14
205 4.619842e+14
206 4.626453e+14
207 4.626453e+14
208 4.629759e+14
209 4.629759e+14
210 4.629759e+14
211 4.629759e+14
212 4.636370e+14
213 4.636370e+14
214 4.639676e+14
215 4.642982e+14
216 4.642982e+14
217 4.652899e+14
218 4.652899e+14
219 4.656205e+14
220 4.656205e+14
221 4.659510e+14
222 4.659510e+14
223 4.659510e+14
224 4.662816e+14
225 4.662816e+14
226 4.666122e+14
227 4.669428e+14
228 4.672733e+14
229 4.672733e+14
230 4.672733e+14
231 4.676039e+14
232 4.676039e+14
233 4.676039e+14
234 4.679345e+14
235 4.679345e+14
236 4.679345e+14
237 4.679345e+14
238 4.679345e+14
239 4.682651e+14
240 4.682651e+14
241 4.685956e+14
242 4.685956e+14
243 4.685956e+14
244 4.685956e+14
245 4.689262e+14
246 4.689262e+14
247 4.692568e+14
248 4.695873e+14
249 4.695873e+14
250 4.695873e+14
251 4.695873e+14
252 4.695873e+14
253 4.695873e+14
254 4.702485e+14
255 4.705791e+14
256 4.705791e+14
257 4.705791e+14
258 4.705791e+14
259 4.705791e+14
260 4.705791e+14
261 4.709096e+14
262 4.709096e+14
263 4.712402e+14
264 4.712402e+14
265 4.719014e+14
266 4.719014e+14
267 4.719014e+14
268 4.722319e+14
269 4.722319e+14
270 4.725625e+14
271 4.728931e+14
272 4.728931e+14
273 4.728931e+14
274 4.732236e+14
275 4.735542e+14
276 4.738848e+14
277 4.742154e+14
278 4.745459e+14
279 4.745459e+14
280 4.745459e+14
281 4.745459e+14
282 4.748765e+14
283 4.748765e+14
284 4.752071e+14
285 4.755376e+14
286 4.755376e+14
287 4.755376e+14
288 4.755376e+14
289 4.758682e+14
290 4.761988e+14
291 4.761988e+14
292 4.761988e+14
293 4.765294e+14
294 4.765294e+14
295 4.765294e+14
296 4.765294e+14
297 4.765294e+14
298 4.765294e+14
299 4.768599e+14
300 4.768599e+14
301 4.768599e+14
302 4.768599e+14
303 4.771905e+14
304 4.771905e+14
305 4.771905e+14
306 4.775211e+14
307 4.778517e+14
308 4.778517e+14
309 4.778517e+14
310 4.778517e+14
311 4.781822e+14
312 4.781822e+14
313 4.781822e+14
314 4.781822e+14
315 4.781822e+14
316 4.785128e+14
317 4.785128e+14
318 4.785128e+14
319 4.785128e+14
320 4.785128e+14
321 4.788434e+14
322 4.791739e+14
323 4.791739e+14
324 4.795045e+14
325 4.798351e+14
326 4.798351e+14
327 4.801657e+14
328 4.801657e+14
329 4.801657e+14
330 4.804962e+14
331 4.804962e+14
332 4.808268e+14
333 4.808268e+14
334 4.811574e+14
335 4.811574e+14
336 4.814879e+14
337 4.818185e+14
338 4.818185e+14
339 4.818185e+14
340 4.818185e+14
341 4.821491e+14
342 4.821491e+14
343 4.824797e+14
344 4.824797e+14
345 4.828102e+14
346 4.831408e+14
347 4.831408e+14
348 4.834714e+14
349 4.834714e+14
350 4.834714e+14
351 4.834714e+14
352 4.838020e+14
353 4.838020e+14
354 4.838020e+14
355 4.841325e+14
356 4.841325e+14
357 4.841325e+14
358 4.844631e+14
359 4.844631e+14
360 4.844631e+14
361 4.847937e+14
362 4.854548e+14
363 4.854548e+14
364 4.854548e+14
365 4.857854e+14
366 4.861160e+14
367 4.861160e+14
368 4.861160e+14
369 4.861160e+14
370 4.864465e+14
371 4.864465e+14
372 4.864465e+14
373 4.867771e+14
374 4.871077e+14
375 4.871077e+14
376 4.871077e+14
377 4.871077e+14
378 4.871077e+14
379 4.874383e+14
380 4.874383e+14
381 4.880994e+14
382 4.880994e+14
383 4.884300e+14
384 4.884300e+14
385 4.884300e+14
386 4.887605e+14
387 4.887605e+14
388 4.887605e+14
389 4.887605e+14
390 4.890911e+14
391 4.900828e+14
392 4.900828e+14
393 4.900828e+14
394 4.904134e+14
395 4.904134e+14
396 4.904134e+14
397 4.904134e+14
398 4.904134e+14
399 4.907440e+14
400 4.910745e+14
401 4.914051e+14
402 4.914051e+14
403 4.923968e+14
404 4.927274e+14
405 4.927274e+14
406 4.927274e+14
407 4.930580e+14
408 4.933886e+14
409 4.933886e+14
410 4.937191e+14
411 4.940497e+14
412 4.940497e+14
413 4.943803e+14
414 4.943803e+14
415 4.943803e+14
416 4.943803e+14
417 4.947108e+14
418 4.947108e+14
419 4.950414e+14
420 4.953720e+14
421 4.953720e+14
422 4.953720e+14
423 4.957026e+14
424 4.957026e+14
425 4.960331e+14
426 4.960331e+14
427 4.963637e+14
428 4.963637e+14
429 4.966943e+14
430 4.970248e+14
431 4.970248e+14
432 4.970248e+14
433 4.970248e+14
434 4.970248e+14
435 4.970248e+14
436 4.970248e+14
437 4.970248e+14
438 4.970248e+14
439 4.970248e+14
440 4.973554e+14
441 4.973554e+14
442 4.973554e+14
443 4.973554e+14
444 4.976860e+14
445 4.976860e+14
446 4.976860e+14
447 4.976860e+14
448 4.976860e+14
449 4.976860e+14
450 4.983471e+14
451 4.983471e+14
452 4.986777e+14
453 4.986777e+14
454 4.986777e+14
455 4.986777e+14
456 4.986777e+14
457 4.990083e+14
458 4.990083e+14
459 4.993389e+14
460 4.996694e+14
461 5.000000e+14
462 5.003306e+14
463 5.006611e+14
464 5.006611e+14
465 5.006611e+14
466 5.006611e+14
467 5.006611e+14
468 5.009917e+14
469 5.009917e+14
470 5.009917e+14
471 5.013223e+14
472 5.016529e+14
473 5.016529e+14
474 5.016529e+14
475 5.016529e+14
476 5.016529e+14
477 5.016529e+14
478 5.016529e+14
479 5.016529e+14
480 5.016529e+14
481 5.019834e+14
482 5.019834e+14
483 5.019834e+14
484 5.023140e+14
485 5.026446e+14
486 5.029752e+14
487 5.029752e+14
488 5.033057e+14
489 5.033057e+14
490 5.033057e+14
491 5.036363e+14
492 5.036363e+14
493 5.039669e+14
494 5.039669e+14
495 5.039669e+14
496 5.039669e+14
497 5.042974e+14
498 5.042974e+14
499 5.046280e+14
500 5.052892e+14
501 5.052892e+14
502 5.056197e+14
503 5.059503e+14
504 5.062809e+14
505 5.062809e+14
506 5.062809e+14
507 5.062809e+14
508 5.062809e+14
509 5.066114e+14
510 5.069420e+14
511 5.069420e+14
512 5.069420e+14
513 5.072726e+14
514 5.076032e+14
515 5.079337e+14
516 5.079337e+14
517 5.079337e+14
518 5.082643e+14
519 5.082643e+14
520 5.082643e+14
521 5.085949e+14
522 5.085949e+14
523 5.089255e+14
524 5.089255e+14
525 5.089255e+14
526 5.092560e+14
527 5.092560e+14
528 5.095866e+14
529 5.095866e+14
530 5.099172e+14
531 5.102477e+14
532 5.105783e+14
533 5.105783e+14
534 5.105783e+14
535 5.105783e+14
536 5.109089e+14
537 5.109089e+14
538 5.109089e+14
539 5.112395e+14
540 5.112395e+14
541 5.115700e+14
542 5.115700e+14
543 5.119006e+14
544 5.119006e+14
545 5.125617e+14
546 5.125617e+14
547 5.125617e+14
548 5.128923e+14
549 5.132229e+14
550 5.135535e+14
551 5.135535e+14
552 5.135535e+14
553 5.135535e+14
554 5.138840e+14
555 5.138840e+14
556 5.138840e+14
557 5.142146e+14
558 5.142146e+14
559 5.142146e+14
560 5.142146e+14
561 5.145452e+14
562 5.145452e+14
563 5.145452e+14
564 5.145452e+14
565 5.148758e+14
566 5.148758e+14
567 5.148758e+14
568 5.148758e+14
569 5.152063e+14
570 5.152063e+14
571 5.152063e+14
572 5.155369e+14
573 5.158675e+14
574 5.158675e+14
575 5.158675e+14
576 5.161980e+14
577 5.161980e+14
578 5.161980e+14
579 5.161980e+14
580 5.161980e+14
581 5.168592e+14
582 5.168592e+14
583 5.171898e+14
584 5.175203e+14
585 5.178509e+14
586 5.178509e+14
587 5.181815e+14
588 5.181815e+14
589 5.185121e+14
590 5.185121e+14
591 5.185121e+14
592 5.185121e+14
593 5.188426e+14
594 5.188426e+14
595 5.191732e+14
596 5.191732e+14
597 5.195038e+14
598 5.198343e+14
599 5.198343e+14
600 5.201649e+14
601 5.201649e+14
602 5.208261e+14
603 5.208261e+14
604 5.211566e+14
605 5.214872e+14
606 5.214872e+14
607 5.214872e+14
608 5.214872e+14
609 5.214872e+14
610 5.218178e+14
611 5.218178e+14
612 5.218178e+14
613 5.221483e+14
614 5.221483e+14
615 5.224789e+14
616 5.228095e+14
617 5.228095e+14
618 5.228095e+14
619 5.231401e+14
620 5.231401e+14
621 5.234706e+14
622 5.234706e+14
623 5.234706e+14
624 5.238012e+14
625 5.238012e+14
626 5.238012e+14
627 5.241318e+14
628 5.241318e+14
629 5.244624e+14
630 5.244624e+14
631 5.244624e+14
632 5.244624e+14
633 5.244624e+14
634 5.247929e+14
635 5.247929e+14
636 5.251235e+14
637 5.251235e+14
638 5.254541e+14
639 5.257846e+14
640 5.257846e+14
641 5.257846e+14
642 5.257846e+14
643 5.261152e+14
644 5.261152e+14
645 5.264458e+14
646 5.264458e+14
647 5.267764e+14
648 5.271069e+14
649 5.271069e+14
650 5.274375e+14
651 5.274375e+14
652 5.277681e+14
653 5.280986e+14
654 5.280986e+14
655 5.280986e+14
656 5.284292e+14
657 5.287598e+14
658 5.290904e+14
659 5.290904e+14
660 5.290904e+14
661 5.294209e+14
662 5.294209e+14
663 5.294209e+14
664 5.297515e+14
665 5.297515e+14
666 5.300821e+14
667 5.300821e+14
668 5.304127e+14
669 5.304127e+14
670 5.307432e+14
671 5.307432e+14
672 5.310738e+14
673 5.314044e+14
674 5.314044e+14
675 5.317349e+14
676 5.317349e+14
677 5.320655e+14
678 5.323961e+14
679 5.323961e+14
680 5.327267e+14
681 5.327267e+14
682 5.327267e+14
683 5.327267e+14
684 5.330572e+14
685 5.337184e+14
686 5.337184e+14
687 5.337184e+14
688 5.337184e+14
689 5.337184e+14
690 5.340490e+14
691 5.340490e+14
692 5.340490e+14
693 5.340490e+14
694 5.343795e+14
695 5.347101e+14
696 5.347101e+14
697 5.350407e+14
698 5.350407e+14
699 5.350407e+14
700 5.353712e+14
701 5.353712e+14
702 5.353712e+14
703 5.353712e+14
704 5.357018e+14
705 5.357018e+14
706 5.360324e+14
707 5.360324e+14
708 5.360324e+14
709 5.360324e+14
710 5.360324e+14
711 5.360324e+14
712 5.363630e+14
713 5.363630e+14
714 5.366935e+14
715 5.370241e+14
716 5.376852e+14
717 5.376852e+14
718 5.380158e+14
719 5.380158e+14
720 5.383464e+14
721 5.390075e+14
722 5.390075e+14
723 5.390075e+14
724 5.393381e+14
725 5.393381e+14
726 5.393381e+14
727 5.399993e+14
728 5.399993e+14
729 5.403298e+14
730 5.403298e+14
731 5.403298e+14
732 5.406604e+14
733 5.409910e+14
734 5.413215e+14
735 5.416521e+14
736 5.416521e+14
737 5.416521e+14
738 5.416521e+14
739 5.416521e+14
740 5.423133e+14
741 5.423133e+14
742 5.426438e+14
743 5.426438e+14
744 5.429744e+14
745 5.429744e+14
746 5.429744e+14
747 5.429744e+14
748 5.429744e+14
749 5.433050e+14
750 5.433050e+14
751 5.433050e+14
752 5.433050e+14
753 5.436356e+14
754 5.439661e+14
755 5.439661e+14
756 5.442967e+14
757 5.442967e+14
758 5.442967e+14
759 5.446273e+14
760 5.446273e+14
761 5.449578e+14
762 5.449578e+14
763 5.449578e+14
764 5.452884e+14
765 5.456190e+14
766 5.456190e+14
767 5.456190e+14
768 5.459496e+14
769 5.462801e+14
770 5.462801e+14
771 5.462801e+14
772 5.466107e+14
773 5.466107e+14
774 5.469413e+14
775 5.472718e+14
776 5.472718e+14
777 5.476024e+14
778 5.476024e+14
779 5.479330e+14
780 5.479330e+14
781 5.482636e+14
782 5.485941e+14
783 5.485941e+14
784 5.489247e+14
785 5.489247e+14
786 5.492553e+14
787 5.492553e+14
788 5.492553e+14
789 5.492553e+14
790 5.495859e+14
791 5.495859e+14
792 5.499164e+14
793 5.499164e+14
794 5.505776e+14
795 5.505776e+14
796 5.505776e+14
797 5.512387e+14
798 5.515693e+14
799 5.518999e+14
800 5.522304e+14
801 5.522304e+14
802 5.525610e+14
803 5.525610e+14
804 5.525610e+14
805 5.525610e+14
806 5.525610e+14
807 5.528916e+14
808 5.532221e+14
809 5.532221e+14
810 5.532221e+14
811 5.532221e+14
812 5.535527e+14
813 5.542139e+14
814 5.542139e+14
815 5.545444e+14
816 5.545444e+14
817 5.555362e+14
818 5.555362e+14
819 5.558667e+14
820 5.558667e+14
821 5.561973e+14
822 5.561973e+14
823 5.565279e+14
824 5.565279e+14
825 5.568584e+14
826 5.571890e+14
827 5.571890e+14
828 5.571890e+14
829 5.578502e+14
830 5.578502e+14
831 5.581807e+14
832 5.581807e+14
833 5.588419e+14
834 5.591725e+14
835 5.601642e+14
836 5.601642e+14
837 5.604947e+14
838 5.604947e+14
839 5.608253e+14
840 5.608253e+14
841 5.608253e+14
842 5.608253e+14
843 5.608253e+14
844 5.614865e+14
845 5.614865e+14
846 5.618170e+14
847 5.618170e+14
848 5.621476e+14
849 5.621476e+14
850 5.621476e+14
851 5.624782e+14
852 5.631393e+14
853 5.634699e+14
854 5.641310e+14
855 5.644616e+14
856 5.647922e+14
857 5.647922e+14
858 5.651228e+14
859 5.657839e+14
860 5.667756e+14
861 5.674368e+14
862 5.677673e+14
863 5.680979e+14
864 5.684285e+14
865 5.687590e+14
866 5.687590e+14
867 5.687590e+14
868 5.690896e+14
869 5.694202e+14
870 5.697508e+14
871 5.697508e+14
872 5.700813e+14
873 5.700813e+14
874 5.704119e+14
875 5.707425e+14
876 5.707425e+14
877 5.710731e+14
878 5.710731e+14
879 5.714036e+14
880 5.714036e+14
881 5.720648e+14
882 5.720648e+14
883 5.720648e+14
884 5.727259e+14
885 5.727259e+14
886 5.737176e+14
887 5.740482e+14
888 5.743788e+14
889 5.747094e+14
890 5.763622e+14
891 5.763622e+14
892 5.763622e+14
893 5.766928e+14
894 5.770234e+14
895 5.773539e+14
896 5.780151e+14
897 5.780151e+14
898 5.780151e+14
899 5.780151e+14
900 5.780151e+14
901 5.780151e+14
902 5.783456e+14
903 5.786762e+14
904 5.786762e+14
905 5.790068e+14
906 5.793374e+14
907 5.793374e+14
908 5.793374e+14
909 5.809902e+14
910 5.813208e+14
911 5.816514e+14
912 5.816514e+14
913 5.823125e+14
914 5.826431e+14
915 5.833042e+14
916 5.836348e+14
917 5.839654e+14
918 5.849571e+14
919 5.852877e+14
920 5.856182e+14
921 5.862794e+14
922 5.862794e+14
923 5.866100e+14
924 5.869405e+14
925 5.872711e+14
926 5.879322e+14
927 5.879322e+14
928 5.879322e+14
929 5.882628e+14
930 5.889240e+14
931 5.892545e+14
932 5.899157e+14
933 5.902463e+14
934 5.905768e+14
935 5.909074e+14
936 5.915685e+14
937 5.925603e+14
938 5.935520e+14
939 5.938825e+14
940 5.942131e+14
941 5.945437e+14
942 5.958660e+14
943 5.958660e+14
944 5.965271e+14
945 5.965271e+14
946 5.971883e+14
947 5.978494e+14
948 5.988411e+14
949 5.991717e+14
950 5.991717e+14
951 6.001634e+14
952 6.004940e+14
953 6.004940e+14
954 6.008246e+14
955 6.011551e+14
956 6.021469e+14
957 6.024774e+14
958 6.034691e+14
959 6.037997e+14
960 6.041303e+14
961 6.047914e+14
962 6.054526e+14
963 6.104112e+14
964 6.110723e+14
965 6.127252e+14
966 6.130557e+14
967 6.137169e+14
968 6.166920e+14
969 6.173532e+14
970 6.180143e+14
971 6.183449e+14
972 6.183449e+14
973 6.190060e+14
974 6.193366e+14
975 6.199978e+14
976 6.203283e+14
977 6.252869e+14
978 6.282621e+14
979 6.295844e+14
980 6.342124e+14
981 6.348735e+14
982 6.378487e+14
983 6.378487e+14
984 6.408238e+14
985 6.418155e+14
986 6.424767e+14
987 6.437990e+14
988 6.444601e+14
989 6.447907e+14
990 6.461130e+14
991 6.461130e+14
992 6.467741e+14
993 6.487576e+14
994 6.500798e+14
995 6.533856e+14
996 6.550384e+14
997 6.560302e+14
998 6.560302e+14
999 6.563607e+14
1000 6.573524e+14
