# E_gamma(MeV)   Spectrum
5.145440e-01 6.742522e+18
5.413360e-01 7.920356e+18
5.695230e-01 9.339981e+18
5.991770e-01 1.070250e+19
6.303750e-01 1.176412e+19
6.631980e-01 1.243021e+19
6.977300e-01 1.277671e+19
7.340600e-01 1.287510e+19
7.722810e-01 1.279350e+19
8.124930e-01 1.257629e+19
8.547980e-01 1.226837e+19
8.993070e-01 1.189471e+19
9.461320e-01 1.147474e+19
9.953960e-01 1.102395e+19
1.047230e+00 1.055612e+19
1.101750e+00 1.008221e+19
1.159120e+00 9.607126e+18
1.219470e+00 9.136179e+18
1.282970e+00 8.672722e+18
1.349770e+00 8.221823e+18
1.420050e+00 7.784830e+18
1.493990e+00 7.361969e+18
1.571780e+00 6.955822e+18
1.653620e+00 6.564950e+18
1.739730e+00 6.192004e+18
1.830310e+00 5.835494e+18
1.925610e+00 5.496301e+18
2.025880e+00 5.173387e+18
2.131360e+00 4.866409e+18
2.242340e+00 4.576124e+18
2.359100e+00 4.300505e+18
2.481930e+00 4.040871e+18
2.611160e+00 3.795373e+18
2.747120e+00 3.563525e+18
2.890160e+00 3.346004e+18
3.040650e+00 3.140821e+18
3.198970e+00 2.949702e+18
3.365530e+00 2.769692e+18
3.540770e+00 2.601907e+18
3.725140e+00 2.445748e+18
3.919100e+00 2.300929e+18
4.123160e+00 2.167251e+18
4.337850e+00 2.044681e+18
4.563720e+00 1.932737e+18
4.801340e+00 1.832731e+18
5.051340e+00 1.742779e+18
5.314360e+00 1.663356e+18
5.591070e+00 1.595007e+18
5.882190e+00 1.536698e+18
6.188470e+00 1.489164e+18
6.510690e+00 1.451325e+18
6.849700e+00 1.422469e+18
7.206350e+00 1.401356e+18
7.581580e+00 1.386222e+18
7.976340e+00 1.375038e+18
8.391660e+00 1.365272e+18
8.828600e+00 1.354650e+18
9.288290e+00 1.339660e+18
9.771920e+00 1.318890e+18
1.028070e+01 1.290923e+18
1.081600e+01 1.251665e+18
1.137920e+01 1.202339e+18
1.197170e+01 1.143224e+18
1.259510e+01 1.074563e+18
1.325090e+01 9.990384e+17
1.394080e+01 9.188194e+17
1.466670e+01 8.355626e+17
1.543040e+01 7.521167e+17
1.623380e+01 6.704773e+17
1.707910e+01 5.919006e+17
1.796840e+01 5.173878e+17
1.890400e+01 4.495107e+17
1.988830e+01 3.875314e+17
2.092380e+01 3.331032e+17
2.201330e+01 2.851478e+17
2.315950e+01 2.423382e+17
2.436540e+01 2.054346e+17
2.563410e+01 1.731126e+17
2.696880e+01 1.463251e+17
2.837300e+01 1.245219e+17
2.985040e+01 1.069800e+17
3.140470e+01 9.288411e+16
3.303990e+01 8.116749e+16
3.476020e+01 7.142820e+16
3.657010e+01 6.312592e+16
3.847430e+01 5.574296e+16
4.047760e+01 4.910879e+16
4.258520e+01 4.290745e+16
4.480250e+01 3.708156e+16
4.713530e+01 3.182767e+16
4.958960e+01 2.708497e+16
5.217170e+01 2.301370e+16
5.488820e+01 1.953251e+16
5.774620e+01 1.661667e+16
6.075290e+01 1.418390e+16
6.391620e+01 1.210713e+16
6.724430e+01 1.038441e+16
7.074560e+01 8.929991e+15
7.442920e+01 7.711352e+15
7.830470e+01 6.705704e+15
8.238190e+01 5.857287e+15
8.667140e+01 5.158609e+15
9.118430e+01 4.588733e+15
9.593210e+01 4.116767e+15
1.009270e+02 3.721288e+15
1.061820e+02 3.364894e+15
1.117110e+02 3.025391e+15
1.175280e+02 2.704459e+15
1.236470e+02 2.410275e+15
1.300850e+02 2.156530e+15
1.368590e+02 1.952039e+15
1.439850e+02 1.801200e+15
1.514820e+02 1.692340e+15
1.593690e+02 1.612583e+15
1.676680e+02 1.545272e+15
1.763980e+02 1.474836e+15
1.855830e+02 1.386930e+15
1.952460e+02 1.276250e+15
2.054120e+02 1.138921e+15
2.161070e+02 9.805491e+14
2.273600e+02 8.107890e+14
2.391980e+02 6.401565e+14
2.516530e+02 4.868413e+14
2.647560e+02 3.554963e+14
2.785410e+02 2.532774e+14
2.930450e+02 1.759499e+14
3.083030e+02 1.187715e+14
3.243560e+02 7.814024e+13
3.412450e+02 4.951929e+13
3.590130e+02 3.087747e+13
3.777060e+02 1.932384e+13
3.973730e+02 1.189982e+13
4.180640e+02 7.311470e+12
4.398320e+02 4.269688e+12
4.627330e+02 2.305123e+12
4.868270e+02 1.171724e+12
5.121760e+02 5.537167e+11
5.388440e+02 2.623631e+11
5.669010e+02 1.263696e+11
5.964180e+02 5.798595e+10
6.274730e+02 2.474533e+10
6.601450e+02 9.566100e+09
6.945180e+02 3.494754e+09
7.306800e+02 1.298436e+09
7.687260e+02 4.437703e+08
8.087520e+02 1.413590e+08
8.508630e+02 4.277993e+07
8.951660e+02 1.111796e+07
9.417770e+02 3.111882e+06
9.908140e+02 7.604947e+05
1.042400e+03 1.552271e+05
1.096680e+03 3.453967e+04
1.153780e+03 6.313308e+03
1.213860e+03 1.065293e+03
1.277060e+03 1.773687e+02
1.343560e+03 2.173008e+01
1.413520e+03 3.245356e+00
1.487120e+03 3.721736e-01
1.564550e+03 2.811735e-02
1.646010e+03 2.931934e-03
1.731720e+03 1.987578e-04
1.821890e+03 1.564480e-05
1.916750e+03 8.761814e-07
2.016550e+03 3.721274e-08
2.121550e+03 2.139992e-09
2.232020e+03 7.354613e-11
2.348230e+03 2.474481e-12
2.470500e+03 6.842754e-14
2.599140e+03 1.465293e-15
2.734470e+03 2.635012e-17
2.876850e+03 4.442746e-19
3.026650e+03 5.180556e-21
3.184240e+03 4.564918e-23
3.350040e+03 3.934219e-25
3.524470e+03 2.176893e-27
3.707990e+03 9.543827e-30
3.901060e+03 3.411751e-32
4.104180e+03 8.405375e-35
4.317880e+03 1.511860e-37
4.542710e+03 2.148335e-40
4.779240e+03 1.884246e-43
5.028090e+03 1.302107e-46
5.289890e+03 5.808110e-50
5.565330e+03 1.789554e-53
5.855110e+03 3.302020e-57
6.159980e+03 4.085244e-61
6.480720e+03 3.584605e-65
6.818160e+03 1.842696e-69
7.173170e+03 6.919019e-74
7.546670e+03 1.173284e-78
7.939620e+03 7.692524e-84
8.353020e+03 9.676036e-89
8.787950e+03 4.435892e-94
9.245530e+03 3.770833e-100
9.726930e+03 1.137602e-105
1.023340e+04 4.450361e-112
1.076620e+04 2.677909e-117
1.132680e+04 2.281201e-124
1.191660e+04 9.402689e-135
1.253710e+04 1.195514e-142
1.318990e+04 5.351539e-151
1.387660e+04 3.733257e-155
1.459920e+04 5.861694e-169
1.535930e+04 3.027829e-173
1.615910e+04 7.469280e-188
1.700050e+04 8.712934e-200
1.788570e+04 4.597082e-211
1.881690e+04 2.184239e-215
1.979670e+04 1.031577e-227
2.082750e+04 1.052149e-240
2.191200e+04 3.208710e-257
2.305290e+04 2.374987e-266
2.425320e+04 1.510716e-269
2.551610e+04 5.616089e-286
2.684460e+04 4.912140e-289
2.824240e+04 0.000000e+00
2.971300e+04 0.000000e+00
3.126010e+04 0.000000e+00
3.288770e+04 0.000000e+00
3.460020e+04 0.000000e+00
3.640170e+04 0.000000e+00
3.829710e+04 0.000000e+00
4.029120e+04 0.000000e+00
4.238910e+04 0.000000e+00
4.459630e+04 0.000000e+00
4.691830e+04 0.000000e+00
4.936130e+04 0.000000e+00
5.193150e+04 0.000000e+00
5.463550e+04 0.000000e+00
5.748030e+04 0.000000e+00
6.047320e+04 0.000000e+00
6.362200e+04 0.000000e+00
6.693470e+04 0.000000e+00
7.041990e+04 0.000000e+00
7.408660e+04 0.000000e+00
7.794420e+04 0.000000e+00
8.200260e+04 0.000000e+00
8.627240e+04 0.000000e+00
9.076450e+04 0.000000e+00
9.549040e+04 0.000000e+00
1.004630e+05 0.000000e+00
1.056930e+05 0.000000e+00
1.111970e+05 0.000000e+00
1.169870e+05 0.000000e+00
1.230780e+05 0.000000e+00
1.294860e+05 0.000000e+00
1.362290e+05 0.000000e+00
1.433220e+05 0.000000e+00
1.507850e+05 0.000000e+00
1.586360e+05 0.000000e+00
1.668960e+05 0.000000e+00
1.755860e+05 0.000000e+00
1.847280e+05 0.000000e+00
1.943470e+05 0.000000e+00
2.044660e+05 0.000000e+00
2.151120e+05 0.000000e+00
2.263130e+05 0.000000e+00
2.380970e+05 0.000000e+00
2.504940e+05 0.000000e+00
2.635370e+05 0.000000e+00
2.772590e+05 0.000000e+00
2.916960e+05 0.000000e+00
3.068840e+05 0.000000e+00
3.228630e+05 0.000000e+00
3.396740e+05 0.000000e+00
3.573600e+05 0.000000e+00
3.759670e+05 0.000000e+00
3.955440e+05 0.000000e+00
4.161390e+05 0.000000e+00
4.378070e+05 0.000000e+00
4.606030e+05 0.000000e+00
4.845860e+05 0.000000e+00
5.098180e+05 0.000000e+00
5.363630e+05 0.000000e+00
5.642910e+05 0.000000e+00
5.936730e+05 0.000000e+00
6.245840e+05 0.000000e+00
6.571060e+05 0.000000e+00
6.913200e+05 0.000000e+00
7.273170e+05 0.000000e+00
7.651870e+05 0.000000e+00
8.050290e+05 0.000000e+00
8.469460e+05 0.000000e+00
8.910450e+05 0.000000e+00
9.374410e+05 0.000000e+00
9.862520e+05 0.000000e+00
1.037610e+06 0.000000e+00
1.091630e+06 0.000000e+00
1.148470e+06 0.000000e+00
1.208270e+06 0.000000e+00
1.271180e+06 0.000000e+00
1.337370e+06 0.000000e+00
1.407010e+06 0.000000e+00
1.480270e+06 0.000000e+00
1.557340e+06 0.000000e+00
1.638430e+06 0.000000e+00
1.723740e+06 0.000000e+00
1.813500e+06 0.000000e+00
1.907920e+06 0.000000e+00
2.007270e+06 0.000000e+00
2.111780e+06 0.000000e+00
2.221740e+06 0.000000e+00
2.337420e+06 0.000000e+00
2.459130e+06 0.000000e+00
2.587170e+06 0.000000e+00
2.721880e+06 0.000000e+00
2.863610e+06 0.000000e+00
3.012710e+06 0.000000e+00
3.169580e+06 0.000000e+00
3.334620e+06 0.000000e+00
3.508250e+06 0.000000e+00
3.690920e+06 0.000000e+00
3.883100e+06 0.000000e+00
4.085290e+06 0.000000e+00
4.298000e+06 0.000000e+00
4.521790e+06 0.000000e+00
4.757240e+06 0.000000e+00
5.004940e+06 0.000000e+00
5.265540e+06 0.000000e+00
5.539710e+06 0.000000e+00
5.828150e+06 0.000000e+00
6.131620e+06 0.000000e+00
6.450880e+06 0.000000e+00
6.786770e+06 0.000000e+00
7.140150e+06 0.000000e+00
7.511930e+06 0.000000e+00
7.903070e+06 0.000000e+00
8.314570e+06 0.000000e+00
8.747500e+06 0.000000e+00
9.202970e+06 0.000000e+00
9.682150e+06 0.000000e+00
1.018630e+07 0.000000e+00
1.071670e+07 0.000000e+00
1.127470e+07 0.000000e+00
1.186170e+07 0.000000e+00
1.247940e+07 0.000000e+00
1.312910e+07 0.000000e+00
1.381280e+07 0.000000e+00
1.453200e+07 0.000000e+00
1.528860e+07 0.000000e+00
1.608470e+07 0.000000e+00
1.692220e+07 0.000000e+00
1.780330e+07 0.000000e+00
1.873030e+07 0.000000e+00
1.970560e+07 0.000000e+00
2.073160e+07 0.000000e+00
2.181110e+07 0.000000e+00
2.294680e+07 0.000000e+00
2.414160e+07 0.000000e+00
2.539860e+07 0.000000e+00
2.672110e+07 0.000000e+00
2.811240e+07 0.000000e+00
2.957620e+07 0.000000e+00
3.111620e+07 0.000000e+00
3.273630e+07 0.000000e+00
3.444090e+07 0.000000e+00
3.623420e+07 0.000000e+00
3.812080e+07 0.000000e+00
4.010570e+07 0.000000e+00
4.219400e+07 0.000000e+00
4.439100e+07 0.000000e+00
4.670230e+07 0.000000e+00
4.913410e+07 0.000000e+00
5.169240e+07 0.000000e+00
5.438400e+07 0.000000e+00
5.721570e+07 0.000000e+00
6.019480e+07 0.000000e+00
6.332910e+07 0.000000e+00
6.662650e+07 0.000000e+00
7.009570e+07 0.000000e+00
7.374550e+07 0.000000e+00
7.758530e+07 0.000000e+00
8.162510e+07 0.000000e+00
8.587520e+07 0.000000e+00
9.034660e+07 0.000000e+00
9.505080e+07 0.000000e+00
1.000000e+08 0.000000e+00
