# Mean mass (g): 5.08e+15
1 3.281233e+14
2 6.302478e+14
3 9.692168e+14
4 1.072381e+15
5 1.160808e+15
6 1.219759e+15
7 1.278710e+15
8 1.308186e+15
9 1.308186e+15
10 1.396612e+15
11 1.470301e+15
12 1.477670e+15
13 1.521884e+15
14 1.529252e+15
15 1.551359e+15
16 1.654524e+15
17 1.661893e+15
18 1.683999e+15
19 1.750319e+15
20 1.750319e+15
21 1.757688e+15
22 1.757688e+15
23 1.765057e+15
24 1.787164e+15
25 1.801901e+15
26 1.824008e+15
27 1.853484e+15
28 1.868221e+15
29 1.868221e+15
30 1.941910e+15
31 1.993493e+15
32 2.037706e+15
33 2.074550e+15
34 2.126133e+15
35 2.126133e+15
36 2.148239e+15
37 2.192453e+15
38 2.236666e+15
39 2.302986e+15
40 2.325093e+15
41 2.332462e+15
42 2.332462e+15
43 2.376675e+15
44 2.450364e+15
45 2.450364e+15
46 2.450364e+15
47 2.479839e+15
48 2.479839e+15
49 2.501946e+15
50 2.538791e+15
51 2.538791e+15
52 2.553528e+15
53 2.553528e+15
54 2.605111e+15
55 2.605111e+15
56 2.649324e+15
57 2.649324e+15
58 2.656693e+15
59 2.656693e+15
60 2.664062e+15
61 2.678799e+15
62 2.693537e+15
63 2.715644e+15
64 2.730382e+15
65 2.730382e+15
66 2.730382e+15
67 2.730382e+15
68 2.737751e+15
69 2.752488e+15
70 2.759857e+15
71 2.789333e+15
72 2.811439e+15
73 2.818808e+15
74 2.818808e+15
75 2.826177e+15
76 2.833546e+15
77 2.848284e+15
78 2.863022e+15
79 2.870391e+15
80 2.870391e+15
81 2.885128e+15
82 2.885128e+15
83 2.885128e+15
84 2.885128e+15
85 2.892497e+15
86 2.921973e+15
87 2.921973e+15
88 2.980924e+15
89 3.003031e+15
90 3.003031e+15
91 3.010400e+15
92 3.017768e+15
93 3.025137e+15
94 3.025137e+15
95 3.032506e+15
96 3.032506e+15
97 3.054613e+15
98 3.069351e+15
99 3.069351e+15
100 3.076720e+15
101 3.076720e+15
102 3.084088e+15
103 3.084088e+15
104 3.098826e+15
105 3.106195e+15
106 3.128302e+15
107 3.135671e+15
108 3.135671e+15
109 3.143040e+15
110 3.165146e+15
111 3.172515e+15
112 3.179884e+15
113 3.194622e+15
114 3.194622e+15
115 3.201991e+15
116 3.209360e+15
117 3.224097e+15
118 3.224097e+15
119 3.224097e+15
120 3.231466e+15
121 3.231466e+15
122 3.246204e+15
123 3.246204e+15
124 3.260942e+15
125 3.260942e+15
126 3.275680e+15
127 3.290417e+15
128 3.290417e+15
129 3.290417e+15
130 3.305155e+15
131 3.319893e+15
132 3.319893e+15
133 3.319893e+15
134 3.327262e+15
135 3.334631e+15
136 3.334631e+15
137 3.342000e+15
138 3.342000e+15
139 3.349368e+15
140 3.356737e+15
141 3.356737e+15
142 3.386213e+15
143 3.400951e+15
144 3.423057e+15
145 3.423057e+15
146 3.423057e+15
147 3.423057e+15
148 3.423057e+15
149 3.430426e+15
150 3.437795e+15
151 3.445164e+15
152 3.445164e+15
153 3.452533e+15
154 3.459902e+15
155 3.459902e+15
156 3.459902e+15
157 3.467271e+15
158 3.482009e+15
159 3.489377e+15
160 3.511484e+15
161 3.518853e+15
162 3.518853e+15
163 3.518853e+15
164 3.526222e+15
165 3.526222e+15
166 3.548329e+15
167 3.570435e+15
168 3.577804e+15
169 3.607280e+15
170 3.629386e+15
171 3.636755e+15
172 3.651493e+15
173 3.658862e+15
174 3.673600e+15
175 3.680969e+15
176 3.680969e+15
177 3.680969e+15
178 3.688337e+15
179 3.688337e+15
180 3.688337e+15
181 3.688337e+15
182 3.695706e+15
183 3.695706e+15
184 3.703075e+15
185 3.710444e+15
186 3.710444e+15
187 3.717813e+15
188 3.717813e+15
189 3.725182e+15
190 3.725182e+15
191 3.725182e+15
192 3.739920e+15
193 3.739920e+15
194 3.739920e+15
195 3.747289e+15
196 3.754657e+15
197 3.754657e+15
198 3.762026e+15
199 3.769395e+15
200 3.769395e+15
201 3.776764e+15
202 3.776764e+15
203 3.784133e+15
204 3.784133e+15
205 3.806240e+15
206 3.835715e+15
207 3.835715e+15
208 3.843084e+15
209 3.843084e+15
210 3.850453e+15
211 3.865191e+15
212 3.872560e+15
213 3.872560e+15
214 3.872560e+15
215 3.879929e+15
216 3.879929e+15
217 3.887298e+15
218 3.887298e+15
219 3.887298e+15
220 3.887298e+15
221 3.909404e+15
222 3.909404e+15
223 3.916773e+15
224 3.916773e+15
225 3.924142e+15
226 3.924142e+15
227 3.931511e+15
228 3.931511e+15
229 3.931511e+15
230 3.938880e+15
231 3.938880e+15
232 3.938880e+15
233 3.946249e+15
234 3.960986e+15
235 3.960986e+15
236 3.960986e+15
237 3.968355e+15
238 3.975724e+15
239 3.975724e+15
240 3.990462e+15
241 3.997831e+15
242 4.005200e+15
243 4.012569e+15
244 4.012569e+15
245 4.012569e+15
246 4.027306e+15
247 4.027306e+15
248 4.034675e+15
249 4.042044e+15
250 4.042044e+15
251 4.042044e+15
252 4.056782e+15
253 4.056782e+15
254 4.064151e+15
255 4.071520e+15
256 4.071520e+15
257 4.071520e+15
258 4.071520e+15
259 4.086258e+15
260 4.086258e+15
261 4.093626e+15
262 4.093626e+15
263 4.100995e+15
264 4.100995e+15
265 4.108364e+15
266 4.115733e+15
267 4.115733e+15
268 4.130471e+15
269 4.137840e+15
270 4.137840e+15
271 4.137840e+15
272 4.145209e+15
273 4.145209e+15
274 4.152578e+15
275 4.152578e+15
276 4.159946e+15
277 4.167315e+15
278 4.167315e+15
279 4.167315e+15
280 4.167315e+15
281 4.174684e+15
282 4.174684e+15
283 4.174684e+15
284 4.182053e+15
285 4.182053e+15
286 4.182053e+15
287 4.189422e+15
288 4.189422e+15
289 4.196791e+15
290 4.196791e+15
291 4.196791e+15
292 4.204160e+15
293 4.211529e+15
294 4.211529e+15
295 4.211529e+15
296 4.218898e+15
297 4.218898e+15
298 4.233635e+15
299 4.233635e+15
300 4.233635e+15
301 4.241004e+15
302 4.248373e+15
303 4.248373e+15
304 4.255742e+15
305 4.270480e+15
306 4.270480e+15
307 4.277849e+15
308 4.277849e+15
309 4.285218e+15
310 4.307324e+15
311 4.307324e+15
312 4.307324e+15
313 4.307324e+15
314 4.314693e+15
315 4.314693e+15
316 4.314693e+15
317 4.314693e+15
318 4.314693e+15
319 4.329431e+15
320 4.329431e+15
321 4.329431e+15
322 4.336800e+15
323 4.336800e+15
324 4.336800e+15
325 4.344169e+15
326 4.351538e+15
327 4.358907e+15
328 4.358907e+15
329 4.366275e+15
330 4.373644e+15
331 4.395751e+15
332 4.395751e+15
333 4.395751e+15
334 4.395751e+15
335 4.403120e+15
336 4.410489e+15
337 4.417858e+15
338 4.417858e+15
339 4.425227e+15
340 4.439964e+15
341 4.439964e+15
342 4.447333e+15
343 4.447333e+15
344 4.447333e+15
345 4.447333e+15
346 4.447333e+15
347 4.469440e+15
348 4.469440e+15
349 4.476809e+15
350 4.476809e+15
351 4.476809e+15
352 4.484178e+15
353 4.484178e+15
354 4.484178e+15
355 4.491547e+15
356 4.491547e+15
357 4.491547e+15
358 4.498915e+15
359 4.498915e+15
360 4.521022e+15
361 4.521022e+15
362 4.528391e+15
363 4.528391e+15
364 4.528391e+15
365 4.528391e+15
366 4.528391e+15
367 4.543129e+15
368 4.550498e+15
369 4.550498e+15
370 4.550498e+15
371 4.557867e+15
372 4.557867e+15
373 4.557867e+15
374 4.565235e+15
375 4.565235e+15
376 4.565235e+15
377 4.572604e+15
378 4.579973e+15
379 4.579973e+15
380 4.587342e+15
381 4.587342e+15
382 4.587342e+15
383 4.594711e+15
384 4.594711e+15
385 4.594711e+15
386 4.594711e+15
387 4.594711e+15
388 4.594711e+15
389 4.602080e+15
390 4.602080e+15
391 4.609449e+15
392 4.616818e+15
393 4.616818e+15
394 4.624187e+15
395 4.624187e+15
396 4.631555e+15
397 4.631555e+15
398 4.638924e+15
399 4.638924e+15
400 4.638924e+15
401 4.638924e+15
402 4.638924e+15
403 4.646293e+15
404 4.646293e+15
405 4.646293e+15
406 4.661031e+15
407 4.668400e+15
408 4.675769e+15
409 4.683138e+15
410 4.683138e+15
411 4.690507e+15
412 4.697875e+15
413 4.719982e+15
414 4.734720e+15
415 4.742089e+15
416 4.742089e+15
417 4.742089e+15
418 4.742089e+15
419 4.742089e+15
420 4.742089e+15
421 4.749458e+15
422 4.756827e+15
423 4.756827e+15
424 4.756827e+15
425 4.756827e+15
426 4.756827e+15
427 4.764195e+15
428 4.771564e+15
429 4.771564e+15
430 4.771564e+15
431 4.771564e+15
432 4.778933e+15
433 4.786302e+15
434 4.786302e+15
435 4.793671e+15
436 4.808409e+15
437 4.808409e+15
438 4.808409e+15
439 4.815778e+15
440 4.823147e+15
441 4.823147e+15
442 4.823147e+15
443 4.823147e+15
444 4.830516e+15
445 4.830516e+15
446 4.830516e+15
447 4.837884e+15
448 4.845253e+15
449 4.845253e+15
450 4.845253e+15
451 4.852622e+15
452 4.859991e+15
453 4.867360e+15
454 4.882098e+15
455 4.882098e+15
456 4.882098e+15
457 4.882098e+15
458 4.889467e+15
459 4.896836e+15
460 4.904204e+15
461 4.911573e+15
462 4.918942e+15
463 4.918942e+15
464 4.918942e+15
465 4.933680e+15
466 4.933680e+15
467 4.941049e+15
468 4.941049e+15
469 4.948418e+15
470 4.955787e+15
471 4.955787e+15
472 4.963156e+15
473 4.963156e+15
474 4.970524e+15
475 4.977893e+15
476 4.977893e+15
477 4.977893e+15
478 4.977893e+15
479 4.977893e+15
480 4.985262e+15
481 4.992631e+15
482 4.992631e+15
483 5.000000e+15
484 5.000000e+15
485 5.007369e+15
486 5.014738e+15
487 5.014738e+15
488 5.022107e+15
489 5.029476e+15
490 5.036844e+15
491 5.036844e+15
492 5.036844e+15
493 5.044213e+15
494 5.044213e+15
495 5.051582e+15
496 5.051582e+15
497 5.051582e+15
498 5.051582e+15
499 5.051582e+15
500 5.051582e+15
501 5.058951e+15
502 5.081058e+15
503 5.088427e+15
504 5.088427e+15
505 5.088427e+15
506 5.095796e+15
507 5.103164e+15
508 5.103164e+15
509 5.103164e+15
510 5.110533e+15
511 5.110533e+15
512 5.110533e+15
513 5.117902e+15
514 5.117902e+15
515 5.117902e+15
516 5.117902e+15
517 5.125271e+15
518 5.125271e+15
519 5.125271e+15
520 5.125271e+15
521 5.125271e+15
522 5.132640e+15
523 5.132640e+15
524 5.132640e+15
525 5.140009e+15
526 5.140009e+15
527 5.147378e+15
528 5.147378e+15
529 5.147378e+15
530 5.154747e+15
531 5.162116e+15
532 5.162116e+15
533 5.169484e+15
534 5.176853e+15
535 5.184222e+15
536 5.191591e+15
537 5.198960e+15
538 5.213698e+15
539 5.213698e+15
540 5.213698e+15
541 5.221067e+15
542 5.228436e+15
543 5.235805e+15
544 5.235805e+15
545 5.235805e+15
546 5.235805e+15
547 5.243173e+15
548 5.243173e+15
549 5.250542e+15
550 5.257911e+15
551 5.257911e+15
552 5.257911e+15
553 5.280018e+15
554 5.280018e+15
555 5.280018e+15
556 5.287387e+15
557 5.287387e+15
558 5.302125e+15
559 5.309493e+15
560 5.309493e+15
561 5.309493e+15
562 5.316862e+15
563 5.324231e+15
564 5.331600e+15
565 5.331600e+15
566 5.346338e+15
567 5.353707e+15
568 5.353707e+15
569 5.353707e+15
570 5.353707e+15
571 5.361076e+15
572 5.361076e+15
573 5.361076e+15
574 5.375813e+15
575 5.375813e+15
576 5.375813e+15
577 5.375813e+15
578 5.383182e+15
579 5.397920e+15
580 5.405289e+15
581 5.412658e+15
582 5.420027e+15
583 5.420027e+15
584 5.427396e+15
585 5.427396e+15
586 5.434765e+15
587 5.434765e+15
588 5.434765e+15
589 5.442133e+15
590 5.449502e+15
591 5.456871e+15
592 5.456871e+15
593 5.464240e+15
594 5.471609e+15
595 5.471609e+15
596 5.486347e+15
597 5.486347e+15
598 5.501085e+15
599 5.501085e+15
600 5.501085e+15
601 5.508453e+15
602 5.515822e+15
603 5.523191e+15
604 5.537929e+15
605 5.545298e+15
606 5.545298e+15
607 5.560036e+15
608 5.567405e+15
609 5.567405e+15
610 5.567405e+15
611 5.567405e+15
612 5.574773e+15
613 5.574773e+15
614 5.574773e+15
615 5.582142e+15
616 5.582142e+15
617 5.589511e+15
618 5.596880e+15
619 5.596880e+15
620 5.604249e+15
621 5.604249e+15
622 5.604249e+15
623 5.604249e+15
624 5.611618e+15
625 5.611618e+15
626 5.611618e+15
627 5.611618e+15
628 5.618987e+15
629 5.618987e+15
630 5.626356e+15
631 5.633725e+15
632 5.641093e+15
633 5.641093e+15
634 5.641093e+15
635 5.641093e+15
636 5.641093e+15
637 5.655831e+15
638 5.663200e+15
639 5.670569e+15
640 5.670569e+15
641 5.677938e+15
642 5.677938e+15
643 5.677938e+15
644 5.685307e+15
645 5.692676e+15
646 5.692676e+15
647 5.700045e+15
648 5.700045e+15
649 5.700045e+15
650 5.707414e+15
651 5.707414e+15
652 5.707414e+15
653 5.714782e+15
654 5.722151e+15
655 5.722151e+15
656 5.722151e+15
657 5.722151e+15
658 5.729520e+15
659 5.729520e+15
660 5.736889e+15
661 5.736889e+15
662 5.736889e+15
663 5.736889e+15
664 5.744258e+15
665 5.744258e+15
666 5.744258e+15
667 5.744258e+15
668 5.744258e+15
669 5.751627e+15
670 5.758996e+15
671 5.758996e+15
672 5.766365e+15
673 5.773734e+15
674 5.781102e+15
675 5.788471e+15
676 5.788471e+15
677 5.795840e+15
678 5.795840e+15
679 5.795840e+15
680 5.803209e+15
681 5.803209e+15
682 5.803209e+15
683 5.803209e+15
684 5.803209e+15
685 5.810578e+15
686 5.810578e+15
687 5.817947e+15
688 5.817947e+15
689 5.817947e+15
690 5.825316e+15
691 5.832685e+15
692 5.840054e+15
693 5.840054e+15
694 5.847422e+15
695 5.854791e+15
696 5.854791e+15
697 5.862160e+15
698 5.862160e+15
699 5.869529e+15
700 5.884267e+15
701 5.884267e+15
702 5.884267e+15
703 5.891636e+15
704 5.891636e+15
705 5.906374e+15
706 5.906374e+15
707 5.906374e+15
708 5.906374e+15
709 5.906374e+15
710 5.928480e+15
711 5.935849e+15
712 5.935849e+15
713 5.943218e+15
714 5.943218e+15
715 5.957956e+15
716 5.957956e+15
717 5.972694e+15
718 5.972694e+15
719 5.980062e+15
720 5.994800e+15
721 5.994800e+15
722 6.002169e+15
723 6.002169e+15
724 6.009538e+15
725 6.009538e+15
726 6.016907e+15
727 6.016907e+15
728 6.024276e+15
729 6.024276e+15
730 6.024276e+15
731 6.031645e+15
732 6.031645e+15
733 6.031645e+15
734 6.031645e+15
735 6.039014e+15
736 6.046382e+15
737 6.061120e+15
738 6.061120e+15
739 6.061120e+15
740 6.061120e+15
741 6.061120e+15
742 6.061120e+15
743 6.075858e+15
744 6.090596e+15
745 6.090596e+15
746 6.105334e+15
747 6.105334e+15
748 6.105334e+15
749 6.112702e+15
750 6.112702e+15
751 6.142178e+15
752 6.149547e+15
753 6.149547e+15
754 6.149547e+15
755 6.156916e+15
756 6.156916e+15
757 6.164285e+15
758 6.171654e+15
759 6.171654e+15
760 6.179023e+15
761 6.179023e+15
762 6.186391e+15
763 6.186391e+15
764 6.186391e+15
765 6.208498e+15
766 6.208498e+15
767 6.223236e+15
768 6.223236e+15
769 6.230605e+15
770 6.230605e+15
771 6.237974e+15
772 6.237974e+15
773 6.245343e+15
774 6.252711e+15
775 6.260080e+15
776 6.267449e+15
777 6.267449e+15
778 6.267449e+15
779 6.274818e+15
780 6.274818e+15
781 6.289556e+15
782 6.289556e+15
783 6.289556e+15
784 6.296925e+15
785 6.296925e+15
786 6.304294e+15
787 6.304294e+15
788 6.311663e+15
789 6.319031e+15
790 6.319031e+15
791 6.319031e+15
792 6.326400e+15
793 6.333769e+15
794 6.333769e+15
795 6.333769e+15
796 6.355876e+15
797 6.355876e+15
798 6.363245e+15
799 6.370614e+15
800 6.370614e+15
801 6.377983e+15
802 6.377983e+15
803 6.385351e+15
804 6.385351e+15
805 6.385351e+15
806 6.392720e+15
807 6.407458e+15
808 6.414827e+15
809 6.414827e+15
810 6.429565e+15
811 6.429565e+15
812 6.429565e+15
813 6.451671e+15
814 6.459040e+15
815 6.466409e+15
816 6.466409e+15
817 6.466409e+15
818 6.466409e+15
819 6.473778e+15
820 6.473778e+15
821 6.488516e+15
822 6.495885e+15
823 6.495885e+15
824 6.503254e+15
825 6.510623e+15
826 6.510623e+15
827 6.517991e+15
828 6.517991e+15
829 6.525360e+15
830 6.532729e+15
831 6.540098e+15
832 6.547467e+15
833 6.554836e+15
834 6.554836e+15
835 6.562205e+15
836 6.576943e+15
837 6.576943e+15
838 6.591680e+15
839 6.606418e+15
840 6.621156e+15
841 6.628525e+15
842 6.658000e+15
843 6.665369e+15
844 6.672738e+15
845 6.672738e+15
846 6.680107e+15
847 6.680107e+15
848 6.680107e+15
849 6.687476e+15
850 6.716952e+15
851 6.724320e+15
852 6.731689e+15
853 6.731689e+15
854 6.739058e+15
855 6.761165e+15
856 6.768534e+15
857 6.783272e+15
858 6.790640e+15
859 6.798009e+15
860 6.812747e+15
861 6.820116e+15
862 6.827485e+15
863 6.834854e+15
864 6.834854e+15
865 6.834854e+15
866 6.842223e+15
867 6.856960e+15
868 6.864329e+15
869 6.864329e+15
870 6.879067e+15
871 6.879067e+15
872 6.886436e+15
873 6.886436e+15
874 6.901174e+15
875 6.908543e+15
876 6.945387e+15
877 6.945387e+15
878 6.952756e+15
879 6.960125e+15
880 6.967494e+15
881 6.967494e+15
882 6.974863e+15
883 6.996969e+15
884 7.004338e+15
885 7.011707e+15
886 7.011707e+15
887 7.019076e+15
888 7.019076e+15
889 7.026445e+15
890 7.026445e+15
891 7.041183e+15
892 7.070658e+15
893 7.070658e+15
894 7.070658e+15
895 7.092765e+15
896 7.092765e+15
897 7.100134e+15
898 7.100134e+15
899 7.107503e+15
900 7.122241e+15
901 7.129609e+15
902 7.144347e+15
903 7.151716e+15
904 7.151716e+15
905 7.151716e+15
906 7.159085e+15
907 7.166454e+15
908 7.173823e+15
909 7.188561e+15
910 7.195929e+15
911 7.195929e+15
912 7.203298e+15
913 7.203298e+15
914 7.210667e+15
915 7.218036e+15
916 7.262249e+15
917 7.269618e+15
918 7.335938e+15
919 7.335938e+15
920 7.350676e+15
921 7.350676e+15
922 7.358045e+15
923 7.387521e+15
924 7.387521e+15
925 7.387521e+15
926 7.394889e+15
927 7.409627e+15
928 7.409627e+15
929 7.416996e+15
930 7.461209e+15
931 7.468578e+15
932 7.490685e+15
933 7.505423e+15
934 7.527530e+15
935 7.527530e+15
936 7.527530e+15
937 7.542267e+15
938 7.549636e+15
939 7.564374e+15
940 7.579112e+15
941 7.586481e+15
942 7.586481e+15
943 7.608587e+15
944 7.615956e+15
945 7.623325e+15
946 7.645432e+15
947 7.689645e+15
948 7.719121e+15
949 7.726490e+15
950 7.755965e+15
951 7.763334e+15
952 7.814916e+15
953 7.829654e+15
954 7.851761e+15
955 7.851761e+15
956 7.859130e+15
957 7.873867e+15
958 7.873867e+15
959 7.903343e+15
960 7.910712e+15
961 7.954925e+15
962 7.969663e+15
963 7.991770e+15
964 8.028614e+15
965 8.028614e+15
966 8.043352e+15
967 8.050721e+15
968 8.058090e+15
969 8.131779e+15
970 8.168623e+15
971 8.190730e+15
972 8.198099e+15
973 8.212836e+15
974 8.249681e+15
975 8.249681e+15
976 8.271787e+15
977 8.279156e+15
978 8.286525e+15
979 8.338107e+15
980 8.367583e+15
981 8.419165e+15
982 8.456010e+15
983 8.463379e+15
984 8.500223e+15
985 8.507592e+15
986 8.537068e+15
987 8.544436e+15
988 8.581281e+15
989 8.618125e+15
990 8.743396e+15
991 8.750765e+15
992 8.802348e+15
993 8.817085e+15
994 8.876036e+15
995 8.876036e+15
996 9.074997e+15
997 9.406597e+15
998 9.450810e+15
999 9.590819e+15
1000 9.804517e+15
