# E_gamma(MeV)   Spectrum
5.145440e-01 2.314773e+18
5.413360e-01 2.713440e+18
5.695230e-01 3.273111e+18
5.991770e-01 3.947892e+18
6.303750e-01 4.619531e+18
6.631980e-01 5.119008e+18
6.977300e-01 5.429479e+18
7.340600e-01 5.585566e+18
7.722810e-01 5.628405e+18
8.124930e-01 5.583572e+18
8.547980e-01 5.478756e+18
8.993070e-01 5.329677e+18
9.461320e-01 5.147998e+18
9.953960e-01 4.946767e+18
1.047230e+00 4.731037e+18
1.101750e+00 4.509393e+18
1.159120e+00 4.283559e+18
1.219470e+00 4.059381e+18
1.282970e+00 3.837723e+18
1.349770e+00 3.621251e+18
1.420050e+00 3.411281e+18
1.493990e+00 3.208127e+18
1.571780e+00 3.013517e+18
1.653620e+00 2.826833e+18
1.739730e+00 2.649561e+18
1.830310e+00 2.480693e+18
1.925610e+00 2.321058e+18
2.025880e+00 2.170003e+18
2.131360e+00 2.027857e+18
2.242340e+00 1.894565e+18
2.359100e+00 1.769995e+18
2.481930e+00 1.653856e+18
2.611160e+00 1.545893e+18
2.747120e+00 1.446149e+18
2.890160e+00 1.354818e+18
3.040650e+00 1.271367e+18
3.198970e+00 1.197135e+18
3.365530e+00 1.130160e+18
3.540770e+00 1.071866e+18
3.725140e+00 1.022040e+18
3.919100e+00 9.810806e+17
4.123160e+00 9.493443e+17
4.337850e+00 9.271113e+17
4.563720e+00 9.148912e+17
4.801340e+00 9.142873e+17
5.051340e+00 9.233860e+17
5.314360e+00 9.437171e+17
5.591070e+00 9.751779e+17
5.882190e+00 1.017249e+18
6.188470e+00 1.069097e+18
6.510690e+00 1.127805e+18
6.849700e+00 1.189980e+18
7.206350e+00 1.248760e+18
7.581580e+00 1.296873e+18
7.976340e+00 1.324400e+18
8.391660e+00 1.320426e+18
8.828600e+00 1.280687e+18
9.288290e+00 1.198244e+18
9.771920e+00 1.080706e+18
1.028070e+01 9.353592e+17
1.081600e+01 7.763577e+17
1.137920e+01 6.180531e+17
1.197170e+01 4.727981e+17
1.259510e+01 3.492691e+17
1.325090e+01 2.487839e+17
1.394080e+01 1.739428e+17
1.466670e+01 1.187586e+17
1.543040e+01 8.000981e+16
1.623380e+01 5.373306e+16
1.707910e+01 3.544946e+16
1.796840e+01 2.309932e+16
1.890400e+01 1.469162e+16
1.988830e+01 8.982130e+15
2.092380e+01 5.399955e+15
2.201330e+01 3.078252e+15
2.315950e+01 1.681349e+15
2.436540e+01 9.025826e+14
2.563410e+01 4.600131e+14
2.696880e+01 2.299461e+14
2.837300e+01 1.119102e+14
2.985040e+01 5.190558e+13
3.140470e+01 2.379393e+13
3.303990e+01 1.000575e+13
3.476020e+01 3.955309e+12
3.657010e+01 1.573950e+12
3.847430e+01 5.894859e+11
4.047760e+01 2.133573e+11
4.258520e+01 7.007284e+10
4.480250e+01 2.081367e+10
4.713530e+01 6.837253e+09
4.958960e+01 1.916779e+09
5.217170e+01 4.725275e+08
5.488820e+01 1.245536e+08
5.774620e+01 2.825794e+07
6.075290e+01 6.012994e+06
6.391620e+01 1.226154e+06
6.724430e+01 2.070982e+05
7.074560e+01 3.805077e+04
7.442920e+01 5.761265e+03
7.830470e+01 7.594495e+02
8.238190e+01 1.079088e+02
8.667140e+01 1.119674e+01
9.118430e+01 1.221321e+00
9.593210e+01 1.264203e-01
1.009270e+02 1.033204e-02
1.061820e+02 6.650270e-04
1.117110e+02 4.060574e-05
1.175280e+02 2.336652e-06
1.236470e+02 1.180904e-07
1.300850e+02 4.713563e-09
1.368590e+02 1.611103e-10
1.439850e+02 5.487623e-12
1.514820e+02 1.337142e-13
1.593690e+02 2.673306e-15
1.676680e+02 5.304537e-17
1.763980e+02 7.936486e-19
1.855830e+02 8.362731e-21
1.952460e+02 8.389936e-23
2.054120e+02 6.324684e-25
2.161070e+02 3.457429e-27
2.273600e+02 1.557711e-29
2.391980e+02 5.286692e-32
2.516530e+02 1.256844e-34
2.647560e+02 2.402418e-37
2.785410e+02 3.101585e-40
2.930450e+02 2.968170e-43
3.083030e+02 1.826979e-46
3.243560e+02 9.005475e-50
3.412450e+02 2.352004e-53
3.590130e+02 5.115075e-57
3.777060e+02 7.127912e-61
3.973730e+02 5.091364e-65
4.180640e+02 2.415023e-69
4.398320e+02 6.419368e-74
4.627330e+02 1.655973e-78
4.868270e+02 1.583707e-83
5.121760e+02 5.921092e-89
5.388440e+02 1.595166e-94
5.669010e+02 2.192670e-100
5.964180e+02 3.827712e-105
6.274730e+02 1.109275e-111
6.601450e+02 8.765667e-120
6.945180e+02 5.900478e-127
7.306800e+02 6.463953e-132
7.687260e+02 1.978637e-142
8.087520e+02 2.407375e-147
8.508630e+02 3.466304e-156
8.951660e+02 1.711183e-164
9.417770e+02 2.374903e-178
9.908140e+02 1.098953e-188
1.042400e+03 8.535486e-193
1.096680e+03 2.297834e-204
1.153780e+03 6.151007e-215
1.213860e+03 3.906179e-235
1.277060e+03 2.040277e-239
1.343560e+03 3.952455e-262
1.413520e+03 2.623490e-274
1.487120e+03 6.066114e-283
1.564550e+03 5.355181e-292
1.646010e+03 7.536911e-295
1.731720e+03 0.000000e+00
1.821890e+03 0.000000e+00
1.916750e+03 0.000000e+00
2.016550e+03 0.000000e+00
2.121550e+03 0.000000e+00
2.232020e+03 0.000000e+00
2.348230e+03 0.000000e+00
2.470500e+03 0.000000e+00
2.599140e+03 0.000000e+00
2.734470e+03 0.000000e+00
2.876850e+03 0.000000e+00
3.026650e+03 0.000000e+00
3.184240e+03 0.000000e+00
3.350040e+03 0.000000e+00
3.524470e+03 0.000000e+00
3.707990e+03 0.000000e+00
3.901060e+03 0.000000e+00
4.104180e+03 0.000000e+00
4.317880e+03 0.000000e+00
4.542710e+03 0.000000e+00
4.779240e+03 0.000000e+00
5.028090e+03 0.000000e+00
5.289890e+03 0.000000e+00
5.565330e+03 0.000000e+00
5.855110e+03 0.000000e+00
6.159980e+03 0.000000e+00
6.480720e+03 0.000000e+00
6.818160e+03 0.000000e+00
7.173170e+03 0.000000e+00
7.546670e+03 0.000000e+00
7.939620e+03 0.000000e+00
8.353020e+03 0.000000e+00
8.787950e+03 0.000000e+00
9.245530e+03 0.000000e+00
9.726930e+03 0.000000e+00
1.023340e+04 0.000000e+00
1.076620e+04 0.000000e+00
1.132680e+04 0.000000e+00
1.191660e+04 0.000000e+00
1.253710e+04 0.000000e+00
1.318990e+04 0.000000e+00
1.387660e+04 0.000000e+00
1.459920e+04 0.000000e+00
1.535930e+04 0.000000e+00
1.615910e+04 0.000000e+00
1.700050e+04 0.000000e+00
1.788570e+04 0.000000e+00
1.881690e+04 0.000000e+00
1.979670e+04 0.000000e+00
2.082750e+04 0.000000e+00
2.191200e+04 0.000000e+00
2.305290e+04 0.000000e+00
2.425320e+04 0.000000e+00
2.551610e+04 0.000000e+00
2.684460e+04 0.000000e+00
2.824240e+04 0.000000e+00
2.971300e+04 0.000000e+00
3.126010e+04 0.000000e+00
3.288770e+04 0.000000e+00
3.460020e+04 0.000000e+00
3.640170e+04 0.000000e+00
3.829710e+04 0.000000e+00
4.029120e+04 0.000000e+00
4.238910e+04 0.000000e+00
4.459630e+04 0.000000e+00
4.691830e+04 0.000000e+00
4.936130e+04 0.000000e+00
5.193150e+04 0.000000e+00
5.463550e+04 0.000000e+00
5.748030e+04 0.000000e+00
6.047320e+04 0.000000e+00
6.362200e+04 0.000000e+00
6.693470e+04 0.000000e+00
7.041990e+04 0.000000e+00
7.408660e+04 0.000000e+00
7.794420e+04 0.000000e+00
8.200260e+04 0.000000e+00
8.627240e+04 0.000000e+00
9.076450e+04 0.000000e+00
9.549040e+04 0.000000e+00
1.004630e+05 0.000000e+00
1.056930e+05 0.000000e+00
1.111970e+05 0.000000e+00
1.169870e+05 0.000000e+00
1.230780e+05 0.000000e+00
1.294860e+05 0.000000e+00
1.362290e+05 0.000000e+00
1.433220e+05 0.000000e+00
1.507850e+05 0.000000e+00
1.586360e+05 0.000000e+00
1.668960e+05 0.000000e+00
1.755860e+05 0.000000e+00
1.847280e+05 0.000000e+00
1.943470e+05 0.000000e+00
2.044660e+05 0.000000e+00
2.151120e+05 0.000000e+00
2.263130e+05 0.000000e+00
2.380970e+05 0.000000e+00
2.504940e+05 0.000000e+00
2.635370e+05 0.000000e+00
2.772590e+05 0.000000e+00
2.916960e+05 0.000000e+00
3.068840e+05 0.000000e+00
3.228630e+05 0.000000e+00
3.396740e+05 0.000000e+00
3.573600e+05 0.000000e+00
3.759670e+05 0.000000e+00
3.955440e+05 0.000000e+00
4.161390e+05 0.000000e+00
4.378070e+05 0.000000e+00
4.606030e+05 0.000000e+00
4.845860e+05 0.000000e+00
5.098180e+05 0.000000e+00
5.363630e+05 0.000000e+00
5.642910e+05 0.000000e+00
5.936730e+05 0.000000e+00
6.245840e+05 0.000000e+00
6.571060e+05 0.000000e+00
6.913200e+05 0.000000e+00
7.273170e+05 0.000000e+00
7.651870e+05 0.000000e+00
8.050290e+05 0.000000e+00
8.469460e+05 0.000000e+00
8.910450e+05 0.000000e+00
9.374410e+05 0.000000e+00
9.862520e+05 0.000000e+00
1.037610e+06 0.000000e+00
1.091630e+06 0.000000e+00
1.148470e+06 0.000000e+00
1.208270e+06 0.000000e+00
1.271180e+06 0.000000e+00
1.337370e+06 0.000000e+00
1.407010e+06 0.000000e+00
1.480270e+06 0.000000e+00
1.557340e+06 0.000000e+00
1.638430e+06 0.000000e+00
1.723740e+06 0.000000e+00
1.813500e+06 0.000000e+00
1.907920e+06 0.000000e+00
2.007270e+06 0.000000e+00
2.111780e+06 0.000000e+00
2.221740e+06 0.000000e+00
2.337420e+06 0.000000e+00
2.459130e+06 0.000000e+00
2.587170e+06 0.000000e+00
2.721880e+06 0.000000e+00
2.863610e+06 0.000000e+00
3.012710e+06 0.000000e+00
3.169580e+06 0.000000e+00
3.334620e+06 0.000000e+00
3.508250e+06 0.000000e+00
3.690920e+06 0.000000e+00
3.883100e+06 0.000000e+00
4.085290e+06 0.000000e+00
4.298000e+06 0.000000e+00
4.521790e+06 0.000000e+00
4.757240e+06 0.000000e+00
5.004940e+06 0.000000e+00
5.265540e+06 0.000000e+00
5.539710e+06 0.000000e+00
5.828150e+06 0.000000e+00
6.131620e+06 0.000000e+00
6.450880e+06 0.000000e+00
6.786770e+06 0.000000e+00
7.140150e+06 0.000000e+00
7.511930e+06 0.000000e+00
7.903070e+06 0.000000e+00
8.314570e+06 0.000000e+00
8.747500e+06 0.000000e+00
9.202970e+06 0.000000e+00
9.682150e+06 0.000000e+00
1.018630e+07 0.000000e+00
1.071670e+07 0.000000e+00
1.127470e+07 0.000000e+00
1.186170e+07 0.000000e+00
1.247940e+07 0.000000e+00
1.312910e+07 0.000000e+00
1.381280e+07 0.000000e+00
1.453200e+07 0.000000e+00
1.528860e+07 0.000000e+00
1.608470e+07 0.000000e+00
1.692220e+07 0.000000e+00
1.780330e+07 0.000000e+00
1.873030e+07 0.000000e+00
1.970560e+07 0.000000e+00
2.073160e+07 0.000000e+00
2.181110e+07 0.000000e+00
2.294680e+07 0.000000e+00
2.414160e+07 0.000000e+00
2.539860e+07 0.000000e+00
2.672110e+07 0.000000e+00
2.811240e+07 0.000000e+00
2.957620e+07 0.000000e+00
3.111620e+07 0.000000e+00
3.273630e+07 0.000000e+00
3.444090e+07 0.000000e+00
3.623420e+07 0.000000e+00
3.812080e+07 0.000000e+00
4.010570e+07 0.000000e+00
4.219400e+07 0.000000e+00
4.439100e+07 0.000000e+00
4.670230e+07 0.000000e+00
4.913410e+07 0.000000e+00
5.169240e+07 0.000000e+00
5.438400e+07 0.000000e+00
5.721570e+07 0.000000e+00
6.019480e+07 0.000000e+00
6.332910e+07 0.000000e+00
6.662650e+07 0.000000e+00
7.009570e+07 0.000000e+00
7.374550e+07 0.000000e+00
7.758530e+07 0.000000e+00
8.162510e+07 0.000000e+00
8.587520e+07 0.000000e+00
9.034660e+07 0.000000e+00
9.505080e+07 0.000000e+00
1.000000e+08 0.000000e+00
