# Mean mass (g): 7.12e+15
1 5.370939e+15
2 5.444988e+15
3 5.482012e+15
4 5.653248e+15
5 5.653248e+15
6 5.653248e+15
7 5.657876e+15
8 5.685644e+15
9 5.699528e+15
10 5.704156e+15
11 5.736552e+15
12 5.741180e+15
13 5.745808e+15
14 5.755065e+15
15 5.759693e+15
16 5.773577e+15
17 5.778205e+15
18 5.778205e+15
19 5.792089e+15
20 5.792089e+15
21 5.810601e+15
22 5.815229e+15
23 5.815229e+15
24 5.824485e+15
25 5.829113e+15
26 5.838369e+15
27 5.852253e+15
28 5.856881e+15
29 5.866137e+15
30 5.866137e+15
31 5.866137e+15
32 5.880021e+15
33 5.889277e+15
34 5.898533e+15
35 5.930929e+15
36 5.930929e+15
37 5.935557e+15
38 5.954069e+15
39 5.954069e+15
40 5.963325e+15
41 5.977209e+15
42 5.981837e+15
43 6.004977e+15
44 6.009605e+15
45 6.014233e+15
46 6.023489e+15
47 6.032745e+15
48 6.042001e+15
49 6.051257e+15
50 6.060513e+15
51 6.065141e+15
52 6.069769e+15
53 6.069769e+15
54 6.074397e+15
55 6.074397e+15
56 6.079025e+15
57 6.088281e+15
58 6.097537e+15
59 6.106794e+15
60 6.111422e+15
61 6.116050e+15
62 6.120678e+15
63 6.125306e+15
64 6.125306e+15
65 6.134562e+15
66 6.143818e+15
67 6.148446e+15
68 6.148446e+15
69 6.148446e+15
70 6.157702e+15
71 6.157702e+15
72 6.162330e+15
73 6.162330e+15
74 6.166958e+15
75 6.166958e+15
76 6.171586e+15
77 6.171586e+15
78 6.171586e+15
79 6.180842e+15
80 6.180842e+15
81 6.180842e+15
82 6.180842e+15
83 6.180842e+15
84 6.180842e+15
85 6.185470e+15
86 6.194726e+15
87 6.194726e+15
88 6.194726e+15
89 6.194726e+15
90 6.199354e+15
91 6.208610e+15
92 6.208610e+15
93 6.217866e+15
94 6.217866e+15
95 6.222494e+15
96 6.222494e+15
97 6.231750e+15
98 6.231750e+15
99 6.231750e+15
100 6.241006e+15
101 6.241006e+15
102 6.245634e+15
103 6.245634e+15
104 6.245634e+15
105 6.245634e+15
106 6.245634e+15
107 6.250262e+15
108 6.250262e+15
109 6.250262e+15
110 6.259518e+15
111 6.259518e+15
112 6.264146e+15
113 6.268774e+15
114 6.268774e+15
115 6.268774e+15
116 6.273402e+15
117 6.273402e+15
118 6.278030e+15
119 6.287286e+15
120 6.296542e+15
121 6.296542e+15
122 6.296542e+15
123 6.296542e+15
124 6.301170e+15
125 6.315054e+15
126 6.315054e+15
127 6.338194e+15
128 6.347450e+15
129 6.347450e+15
130 6.352078e+15
131 6.361334e+15
132 6.361334e+15
133 6.361334e+15
134 6.365962e+15
135 6.365962e+15
136 6.365962e+15
137 6.365962e+15
138 6.370590e+15
139 6.375218e+15
140 6.379846e+15
141 6.379846e+15
142 6.379846e+15
143 6.384474e+15
144 6.384474e+15
145 6.393730e+15
146 6.398358e+15
147 6.398358e+15
148 6.398358e+15
149 6.398358e+15
150 6.402986e+15
151 6.402986e+15
152 6.402986e+15
153 6.407614e+15
154 6.407614e+15
155 6.407614e+15
156 6.407614e+15
157 6.412242e+15
158 6.416870e+15
159 6.416870e+15
160 6.421498e+15
161 6.421498e+15
162 6.426126e+15
163 6.430754e+15
164 6.435382e+15
165 6.440010e+15
166 6.440010e+15
167 6.440010e+15
168 6.440010e+15
169 6.440010e+15
170 6.444638e+15
171 6.444638e+15
172 6.449266e+15
173 6.449266e+15
174 6.453894e+15
175 6.458522e+15
176 6.458522e+15
177 6.458522e+15
178 6.458522e+15
179 6.463150e+15
180 6.463150e+15
181 6.463150e+15
182 6.472407e+15
183 6.477035e+15
184 6.481663e+15
185 6.481663e+15
186 6.481663e+15
187 6.481663e+15
188 6.486291e+15
189 6.486291e+15
190 6.486291e+15
191 6.490919e+15
192 6.490919e+15
193 6.490919e+15
194 6.495547e+15
195 6.495547e+15
196 6.504803e+15
197 6.504803e+15
198 6.509431e+15
199 6.509431e+15
200 6.514059e+15
201 6.518687e+15
202 6.518687e+15
203 6.523315e+15
204 6.527943e+15
205 6.527943e+15
206 6.541827e+15
207 6.541827e+15
208 6.541827e+15
209 6.541827e+15
210 6.541827e+15
211 6.546455e+15
212 6.546455e+15
213 6.551083e+15
214 6.551083e+15
215 6.555711e+15
216 6.555711e+15
217 6.564967e+15
218 6.564967e+15
219 6.564967e+15
220 6.564967e+15
221 6.569595e+15
222 6.569595e+15
223 6.574223e+15
224 6.578851e+15
225 6.578851e+15
226 6.588107e+15
227 6.588107e+15
228 6.592735e+15
229 6.592735e+15
230 6.592735e+15
231 6.597363e+15
232 6.597363e+15
233 6.597363e+15
234 6.597363e+15
235 6.601991e+15
236 6.601991e+15
237 6.606619e+15
238 6.611247e+15
239 6.615875e+15
240 6.615875e+15
241 6.620503e+15
242 6.620503e+15
243 6.620503e+15
244 6.620503e+15
245 6.625131e+15
246 6.629759e+15
247 6.634387e+15
248 6.634387e+15
249 6.639015e+15
250 6.639015e+15
251 6.639015e+15
252 6.643643e+15
253 6.643643e+15
254 6.643643e+15
255 6.648271e+15
256 6.648271e+15
257 6.648271e+15
258 6.652899e+15
259 6.652899e+15
260 6.652899e+15
261 6.657527e+15
262 6.657527e+15
263 6.662155e+15
264 6.662155e+15
265 6.666783e+15
266 6.666783e+15
267 6.671411e+15
268 6.671411e+15
269 6.671411e+15
270 6.676039e+15
271 6.676039e+15
272 6.676039e+15
273 6.676039e+15
274 6.680667e+15
275 6.685295e+15
276 6.685295e+15
277 6.685295e+15
278 6.685295e+15
279 6.689923e+15
280 6.689923e+15
281 6.694551e+15
282 6.694551e+15
283 6.699179e+15
284 6.703807e+15
285 6.703807e+15
286 6.703807e+15
287 6.708435e+15
288 6.708435e+15
289 6.708435e+15
290 6.708435e+15
291 6.708435e+15
292 6.713063e+15
293 6.717691e+15
294 6.717691e+15
295 6.717691e+15
296 6.726947e+15
297 6.726947e+15
298 6.726947e+15
299 6.726947e+15
300 6.726947e+15
301 6.731575e+15
302 6.736203e+15
303 6.740831e+15
304 6.750087e+15
305 6.754715e+15
306 6.754715e+15
307 6.754715e+15
308 6.754715e+15
309 6.759343e+15
310 6.759343e+15
311 6.759343e+15
312 6.759343e+15
313 6.759343e+15
314 6.768599e+15
315 6.773227e+15
316 6.773227e+15
317 6.777855e+15
318 6.777855e+15
319 6.782483e+15
320 6.782483e+15
321 6.787111e+15
322 6.787111e+15
323 6.787111e+15
324 6.787111e+15
325 6.787111e+15
326 6.791739e+15
327 6.791739e+15
328 6.791739e+15
329 6.796367e+15
330 6.796367e+15
331 6.796367e+15
332 6.796367e+15
333 6.800995e+15
334 6.800995e+15
335 6.800995e+15
336 6.800995e+15
337 6.800995e+15
338 6.805623e+15
339 6.805623e+15
340 6.805623e+15
341 6.810251e+15
342 6.810251e+15
343 6.810251e+15
344 6.814879e+15
345 6.819507e+15
346 6.819507e+15
347 6.819507e+15
348 6.819507e+15
349 6.824136e+15
350 6.824136e+15
351 6.824136e+15
352 6.828764e+15
353 6.828764e+15
354 6.828764e+15
355 6.833392e+15
356 6.833392e+15
357 6.842648e+15
358 6.842648e+15
359 6.842648e+15
360 6.842648e+15
361 6.842648e+15
362 6.847276e+15
363 6.847276e+15
364 6.856532e+15
365 6.856532e+15
366 6.861160e+15
367 6.865788e+15
368 6.865788e+15
369 6.865788e+15
370 6.870416e+15
371 6.875044e+15
372 6.875044e+15
373 6.875044e+15
374 6.879672e+15
375 6.879672e+15
376 6.879672e+15
377 6.879672e+15
378 6.879672e+15
379 6.884300e+15
380 6.884300e+15
381 6.884300e+15
382 6.888928e+15
383 6.888928e+15
384 6.888928e+15
385 6.888928e+15
386 6.893556e+15
387 6.893556e+15
388 6.893556e+15
389 6.893556e+15
390 6.902812e+15
391 6.902812e+15
392 6.907440e+15
393 6.912068e+15
394 6.916696e+15
395 6.916696e+15
396 6.916696e+15
397 6.921324e+15
398 6.921324e+15
399 6.921324e+15
400 6.935208e+15
401 6.935208e+15
402 6.935208e+15
403 6.935208e+15
404 6.939836e+15
405 6.939836e+15
406 6.939836e+15
407 6.944464e+15
408 6.944464e+15
409 6.944464e+15
410 6.953720e+15
411 6.953720e+15
412 6.958348e+15
413 6.958348e+15
414 6.958348e+15
415 6.958348e+15
416 6.962976e+15
417 6.962976e+15
418 6.962976e+15
419 6.962976e+15
420 6.962976e+15
421 6.962976e+15
422 6.967604e+15
423 6.967604e+15
424 6.967604e+15
425 6.967604e+15
426 6.972232e+15
427 6.972232e+15
428 6.976860e+15
429 6.976860e+15
430 6.981488e+15
431 6.981488e+15
432 6.981488e+15
433 6.986116e+15
434 6.986116e+15
435 6.990744e+15
436 6.995372e+15
437 6.995372e+15
438 6.995372e+15
439 7.000000e+15
440 7.004628e+15
441 7.004628e+15
442 7.004628e+15
443 7.009256e+15
444 7.009256e+15
445 7.013884e+15
446 7.013884e+15
447 7.013884e+15
448 7.018512e+15
449 7.018512e+15
450 7.018512e+15
451 7.023140e+15
452 7.023140e+15
453 7.027768e+15
454 7.027768e+15
455 7.027768e+15
456 7.032396e+15
457 7.032396e+15
458 7.032396e+15
459 7.037024e+15
460 7.037024e+15
461 7.037024e+15
462 7.037024e+15
463 7.037024e+15
464 7.037024e+15
465 7.037024e+15
466 7.041652e+15
467 7.041652e+15
468 7.041652e+15
469 7.046280e+15
470 7.046280e+15
471 7.046280e+15
472 7.055536e+15
473 7.060164e+15
474 7.060164e+15
475 7.060164e+15
476 7.060164e+15
477 7.060164e+15
478 7.060164e+15
479 7.060164e+15
480 7.064792e+15
481 7.064792e+15
482 7.069420e+15
483 7.074048e+15
484 7.074048e+15
485 7.074048e+15
486 7.078676e+15
487 7.083304e+15
488 7.083304e+15
489 7.083304e+15
490 7.087932e+15
491 7.087932e+15
492 7.087932e+15
493 7.092560e+15
494 7.092560e+15
495 7.097188e+15
496 7.097188e+15
497 7.097188e+15
498 7.097188e+15
499 7.101816e+15
500 7.111072e+15
501 7.111072e+15
502 7.115700e+15
503 7.115700e+15
504 7.115700e+15
505 7.115700e+15
506 7.115700e+15
507 7.120328e+15
508 7.120328e+15
509 7.124956e+15
510 7.124956e+15
511 7.124956e+15
512 7.124956e+15
513 7.124956e+15
514 7.129584e+15
515 7.129584e+15
516 7.129584e+15
517 7.134212e+15
518 7.138840e+15
519 7.143468e+15
520 7.143468e+15
521 7.148096e+15
522 7.152724e+15
523 7.152724e+15
524 7.157352e+15
525 7.157352e+15
526 7.157352e+15
527 7.157352e+15
528 7.161980e+15
529 7.161980e+15
530 7.166608e+15
531 7.166608e+15
532 7.166608e+15
533 7.166608e+15
534 7.166608e+15
535 7.166608e+15
536 7.171236e+15
537 7.171236e+15
538 7.171236e+15
539 7.171236e+15
540 7.171236e+15
541 7.171236e+15
542 7.175864e+15
543 7.175864e+15
544 7.180493e+15
545 7.180493e+15
546 7.185121e+15
547 7.185121e+15
548 7.185121e+15
549 7.185121e+15
550 7.185121e+15
551 7.185121e+15
552 7.185121e+15
553 7.189749e+15
554 7.189749e+15
555 7.194377e+15
556 7.199005e+15
557 7.203633e+15
558 7.203633e+15
559 7.208261e+15
560 7.208261e+15
561 7.208261e+15
562 7.212889e+15
563 7.212889e+15
564 7.217517e+15
565 7.217517e+15
566 7.226773e+15
567 7.226773e+15
568 7.226773e+15
569 7.226773e+15
570 7.226773e+15
571 7.231401e+15
572 7.231401e+15
573 7.236029e+15
574 7.236029e+15
575 7.245285e+15
576 7.245285e+15
577 7.249913e+15
578 7.254541e+15
579 7.254541e+15
580 7.259169e+15
581 7.259169e+15
582 7.259169e+15
583 7.259169e+15
584 7.263797e+15
585 7.263797e+15
586 7.263797e+15
587 7.263797e+15
588 7.263797e+15
589 7.263797e+15
590 7.268425e+15
591 7.273053e+15
592 7.277681e+15
593 7.282309e+15
594 7.282309e+15
595 7.282309e+15
596 7.286937e+15
597 7.286937e+15
598 7.291565e+15
599 7.291565e+15
600 7.291565e+15
601 7.300821e+15
602 7.310077e+15
603 7.314705e+15
604 7.314705e+15
605 7.319333e+15
606 7.319333e+15
607 7.319333e+15
608 7.319333e+15
609 7.323961e+15
610 7.328589e+15
611 7.328589e+15
612 7.328589e+15
613 7.328589e+15
614 7.328589e+15
615 7.333217e+15
616 7.333217e+15
617 7.337845e+15
618 7.337845e+15
619 7.342473e+15
620 7.342473e+15
621 7.342473e+15
622 7.347101e+15
623 7.347101e+15
624 7.347101e+15
625 7.351729e+15
626 7.351729e+15
627 7.356357e+15
628 7.356357e+15
629 7.360985e+15
630 7.360985e+15
631 7.360985e+15
632 7.360985e+15
633 7.365613e+15
634 7.365613e+15
635 7.365613e+15
636 7.370241e+15
637 7.370241e+15
638 7.370241e+15
639 7.370241e+15
640 7.374869e+15
641 7.374869e+15
642 7.374869e+15
643 7.374869e+15
644 7.388753e+15
645 7.388753e+15
646 7.388753e+15
647 7.388753e+15
648 7.393381e+15
649 7.393381e+15
650 7.393381e+15
651 7.393381e+15
652 7.398009e+15
653 7.398009e+15
654 7.402637e+15
655 7.402637e+15
656 7.402637e+15
657 7.402637e+15
658 7.402637e+15
659 7.407265e+15
660 7.407265e+15
661 7.407265e+15
662 7.411893e+15
663 7.411893e+15
664 7.411893e+15
665 7.416521e+15
666 7.416521e+15
667 7.416521e+15
668 7.421149e+15
669 7.421149e+15
670 7.421149e+15
671 7.425777e+15
672 7.425777e+15
673 7.425777e+15
674 7.425777e+15
675 7.430405e+15
676 7.430405e+15
677 7.430405e+15
678 7.435033e+15
679 7.435033e+15
680 7.435033e+15
681 7.439661e+15
682 7.444289e+15
683 7.444289e+15
684 7.444289e+15
685 7.448917e+15
686 7.448917e+15
687 7.448917e+15
688 7.448917e+15
689 7.453545e+15
690 7.453545e+15
691 7.453545e+15
692 7.458173e+15
693 7.462801e+15
694 7.462801e+15
695 7.462801e+15
696 7.462801e+15
697 7.462801e+15
698 7.472057e+15
699 7.481313e+15
700 7.481313e+15
701 7.485941e+15
702 7.485941e+15
703 7.485941e+15
704 7.485941e+15
705 7.485941e+15
706 7.495197e+15
707 7.495197e+15
708 7.499825e+15
709 7.504453e+15
710 7.504453e+15
711 7.504453e+15
712 7.509081e+15
713 7.509081e+15
714 7.513709e+15
715 7.513709e+15
716 7.513709e+15
717 7.513709e+15
718 7.518337e+15
719 7.518337e+15
720 7.518337e+15
721 7.518337e+15
722 7.522965e+15
723 7.522965e+15
724 7.522965e+15
725 7.527593e+15
726 7.527593e+15
727 7.527593e+15
728 7.532221e+15
729 7.532221e+15
730 7.536850e+15
731 7.536850e+15
732 7.541478e+15
733 7.546106e+15
734 7.546106e+15
735 7.546106e+15
736 7.546106e+15
737 7.555362e+15
738 7.555362e+15
739 7.559990e+15
740 7.559990e+15
741 7.564618e+15
742 7.564618e+15
743 7.564618e+15
744 7.569246e+15
745 7.569246e+15
746 7.569246e+15
747 7.573874e+15
748 7.578502e+15
749 7.578502e+15
750 7.578502e+15
751 7.578502e+15
752 7.578502e+15
753 7.578502e+15
754 7.583130e+15
755 7.583130e+15
756 7.583130e+15
757 7.587758e+15
758 7.592386e+15
759 7.597014e+15
760 7.601642e+15
761 7.601642e+15
762 7.601642e+15
763 7.601642e+15
764 7.601642e+15
765 7.606270e+15
766 7.610898e+15
767 7.615526e+15
768 7.615526e+15
769 7.615526e+15
770 7.615526e+15
771 7.624782e+15
772 7.624782e+15
773 7.629410e+15
774 7.634038e+15
775 7.638666e+15
776 7.638666e+15
777 7.638666e+15
778 7.643294e+15
779 7.647922e+15
780 7.652550e+15
781 7.652550e+15
782 7.661806e+15
783 7.661806e+15
784 7.661806e+15
785 7.661806e+15
786 7.661806e+15
787 7.666434e+15
788 7.666434e+15
789 7.680318e+15
790 7.680318e+15
791 7.680318e+15
792 7.680318e+15
793 7.689574e+15
794 7.689574e+15
795 7.689574e+15
796 7.689574e+15
797 7.694202e+15
798 7.694202e+15
799 7.698830e+15
800 7.698830e+15
801 7.698830e+15
802 7.708086e+15
803 7.708086e+15
804 7.708086e+15
805 7.712714e+15
806 7.717342e+15
807 7.721970e+15
808 7.726598e+15
809 7.726598e+15
810 7.731226e+15
811 7.731226e+15
812 7.731226e+15
813 7.735854e+15
814 7.745110e+15
815 7.745110e+15
816 7.745110e+15
817 7.749738e+15
818 7.749738e+15
819 7.758994e+15
820 7.758994e+15
821 7.763622e+15
822 7.763622e+15
823 7.763622e+15
824 7.768250e+15
825 7.768250e+15
826 7.772878e+15
827 7.782134e+15
828 7.782134e+15
829 7.786762e+15
830 7.791390e+15
831 7.791390e+15
832 7.791390e+15
833 7.800646e+15
834 7.805274e+15
835 7.814530e+15
836 7.814530e+15
837 7.828414e+15
838 7.828414e+15
839 7.833042e+15
840 7.842298e+15
841 7.842298e+15
842 7.846926e+15
843 7.851554e+15
844 7.851554e+15
845 7.856182e+15
846 7.856182e+15
847 7.856182e+15
848 7.860810e+15
849 7.865438e+15
850 7.865438e+15
851 7.865438e+15
852 7.870066e+15
853 7.870066e+15
854 7.874694e+15
855 7.879322e+15
856 7.879322e+15
857 7.883950e+15
858 7.883950e+15
859 7.883950e+15
860 7.888578e+15
861 7.888578e+15
862 7.888578e+15
863 7.888578e+15
864 7.893206e+15
865 7.893206e+15
866 7.897835e+15
867 7.902463e+15
868 7.902463e+15
869 7.902463e+15
870 7.902463e+15
871 7.907091e+15
872 7.907091e+15
873 7.916347e+15
874 7.916347e+15
875 7.916347e+15
876 7.920975e+15
877 7.920975e+15
878 7.925603e+15
879 7.934859e+15
880 7.939487e+15
881 7.944115e+15
882 7.948743e+15
883 7.948743e+15
884 7.948743e+15
885 7.953371e+15
886 7.962627e+15
887 7.962627e+15
888 7.962627e+15
889 7.967255e+15
890 7.967255e+15
891 7.976511e+15
892 7.981139e+15
893 7.985767e+15
894 7.990395e+15
895 7.990395e+15
896 7.990395e+15
897 7.995023e+15
898 7.995023e+15
899 7.999651e+15
900 8.004279e+15
901 8.004279e+15
902 8.027419e+15
903 8.036675e+15
904 8.045931e+15
905 8.045931e+15
906 8.045931e+15
907 8.055187e+15
908 8.055187e+15
909 8.059815e+15
910 8.064443e+15
911 8.069071e+15
912 8.078327e+15
913 8.092211e+15
914 8.096839e+15
915 8.101467e+15
916 8.115351e+15
917 8.115351e+15
918 8.115351e+15
919 8.115351e+15
920 8.115351e+15
921 8.115351e+15
922 8.119979e+15
923 8.129235e+15
924 8.133863e+15
925 8.143119e+15
926 8.147747e+15
927 8.161631e+15
928 8.161631e+15
929 8.175515e+15
930 8.175515e+15
931 8.175515e+15
932 8.180143e+15
933 8.189399e+15
934 8.189399e+15
935 8.198655e+15
936 8.203283e+15
937 8.203283e+15
938 8.212539e+15
939 8.221795e+15
940 8.221795e+15
941 8.226423e+15
942 8.231051e+15
943 8.240307e+15
944 8.240307e+15
945 8.240307e+15
946 8.258820e+15
947 8.263448e+15
948 8.268076e+15
949 8.268076e+15
950 8.268076e+15
951 8.272704e+15
952 8.277332e+15
953 8.286588e+15
954 8.286588e+15
955 8.295844e+15
956 8.295844e+15
957 8.300472e+15
958 8.309728e+15
959 8.314356e+15
960 8.328240e+15
961 8.332868e+15
962 8.337496e+15
963 8.337496e+15
964 8.351380e+15
965 8.365264e+15
966 8.383776e+15
967 8.397660e+15
968 8.402288e+15
969 8.416172e+15
970 8.425428e+15
971 8.425428e+15
972 8.434684e+15
973 8.448568e+15
974 8.453196e+15
975 8.453196e+15
976 8.457824e+15
977 8.467080e+15
978 8.499476e+15
979 8.508732e+15
980 8.508732e+15
981 8.545756e+15
982 8.550384e+15
983 8.555012e+15
984 8.559640e+15
985 8.559640e+15
986 8.564268e+15
987 8.647573e+15
988 8.670713e+15
989 8.703109e+15
990 8.703109e+15
991 8.707737e+15
992 8.726249e+15
993 8.740133e+15
994 8.767901e+15
995 8.777157e+15
996 8.781785e+15
997 8.948393e+15
998 8.953021e+15
999 9.138142e+15
1000 9.226074e+15
