# Mean mass (g): 2.94e+15
1 2.431668e+14
2 5.039116e+14
3 5.120599e+14
4 5.500851e+14
5 6.125553e+14
6 6.179874e+14
7 6.614449e+14
8 6.723093e+14
9 6.723093e+14
10 7.130507e+14
11 7.402116e+14
12 7.728047e+14
13 8.868805e+14
14 9.249058e+14
15 9.303380e+14
16 9.412024e+14
17 9.466346e+14
18 1.057994e+15
19 1.063427e+15
20 1.071575e+15
21 1.085155e+15
22 1.101452e+15
23 1.112316e+15
24 1.112316e+15
25 1.117748e+15
26 1.125897e+15
27 1.136761e+15
28 1.139477e+15
29 1.155774e+15
30 1.158490e+15
31 1.163922e+15
32 1.163922e+15
33 1.177502e+15
34 1.223676e+15
35 1.226392e+15
36 1.226392e+15
37 1.229108e+15
38 1.242689e+15
39 1.253553e+15
40 1.261701e+15
41 1.291578e+15
42 1.294294e+15
43 1.305159e+15
44 1.321455e+15
45 1.321455e+15
46 1.326887e+15
47 1.335036e+15
48 1.356764e+15
49 1.370345e+15
50 1.373061e+15
51 1.378493e+15
52 1.381209e+15
53 1.402938e+15
54 1.408370e+15
55 1.413802e+15
56 1.419235e+15
57 1.435531e+15
58 1.449112e+15
59 1.470840e+15
60 1.519730e+15
61 1.519730e+15
62 1.530594e+15
63 1.530594e+15
64 1.546891e+15
65 1.565904e+15
66 1.568620e+15
67 1.576768e+15
68 1.579484e+15
69 1.593064e+15
70 1.593064e+15
71 1.598497e+15
72 1.601213e+15
73 1.601213e+15
74 1.601213e+15
75 1.609361e+15
76 1.614793e+15
77 1.620225e+15
78 1.625658e+15
79 1.636522e+15
80 1.650102e+15
81 1.658251e+15
82 1.663683e+15
83 1.679979e+15
84 1.682695e+15
85 1.685412e+15
86 1.685412e+15
87 1.693560e+15
88 1.704424e+15
89 1.704424e+15
90 1.709856e+15
91 1.712572e+15
92 1.720721e+15
93 1.728869e+15
94 1.734301e+15
95 1.742449e+15
96 1.747882e+15
97 1.761462e+15
98 1.761462e+15
99 1.772326e+15
100 1.788623e+15
101 1.791339e+15
102 1.791339e+15
103 1.794055e+15
104 1.794055e+15
105 1.804920e+15
106 1.810352e+15
107 1.810352e+15
108 1.818500e+15
109 1.821216e+15
110 1.823932e+15
111 1.829364e+15
112 1.832081e+15
113 1.834797e+15
114 1.834797e+15
115 1.842945e+15
116 1.845661e+15
117 1.845661e+15
118 1.848377e+15
119 1.853809e+15
120 1.861958e+15
121 1.870106e+15
122 1.878254e+15
123 1.883686e+15
124 1.899983e+15
125 1.902699e+15
126 1.905415e+15
127 1.905415e+15
128 1.905415e+15
129 1.908131e+15
130 1.913563e+15
131 1.918995e+15
132 1.929860e+15
133 1.932576e+15
134 1.932576e+15
135 1.938008e+15
136 1.940724e+15
137 1.943440e+15
138 1.943440e+15
139 1.946156e+15
140 1.946156e+15
141 1.948872e+15
142 1.965169e+15
143 1.976033e+15
144 1.976033e+15
145 1.978749e+15
146 1.978749e+15
147 1.978749e+15
148 1.978749e+15
149 1.984182e+15
150 1.984182e+15
151 1.989614e+15
152 1.997762e+15
153 1.997762e+15
154 2.000478e+15
155 2.008626e+15
156 2.008626e+15
157 2.011343e+15
158 2.011343e+15
159 2.016775e+15
160 2.019491e+15
161 2.022207e+15
162 2.027639e+15
163 2.027639e+15
164 2.027639e+15
165 2.027639e+15
166 2.027639e+15
167 2.030355e+15
168 2.033071e+15
169 2.038503e+15
170 2.046652e+15
171 2.052084e+15
172 2.052084e+15
173 2.052084e+15
174 2.052084e+15
175 2.057516e+15
176 2.062948e+15
177 2.062948e+15
178 2.068380e+15
179 2.068380e+15
180 2.071097e+15
181 2.073813e+15
182 2.076529e+15
183 2.079245e+15
184 2.092825e+15
185 2.098258e+15
186 2.100974e+15
187 2.100974e+15
188 2.103690e+15
189 2.106406e+15
190 2.106406e+15
191 2.106406e+15
192 2.109122e+15
193 2.114554e+15
194 2.114554e+15
195 2.117270e+15
196 2.125418e+15
197 2.130851e+15
198 2.130851e+15
199 2.130851e+15
200 2.133567e+15
201 2.136283e+15
202 2.138999e+15
203 2.141715e+15
204 2.144431e+15
205 2.144431e+15
206 2.152579e+15
207 2.160728e+15
208 2.163444e+15
209 2.166160e+15
210 2.166160e+15
211 2.168876e+15
212 2.174308e+15
213 2.174308e+15
214 2.177024e+15
215 2.177024e+15
216 2.182456e+15
217 2.198753e+15
218 2.198753e+15
219 2.206901e+15
220 2.215049e+15
221 2.217766e+15
222 2.217766e+15
223 2.220482e+15
224 2.225914e+15
225 2.231346e+15
226 2.234062e+15
227 2.236778e+15
228 2.239494e+15
229 2.239494e+15
230 2.242210e+15
231 2.244926e+15
232 2.247643e+15
233 2.253075e+15
234 2.253075e+15
235 2.253075e+15
236 2.255791e+15
237 2.258507e+15
238 2.261223e+15
239 2.263939e+15
240 2.269371e+15
241 2.280236e+15
242 2.282952e+15
243 2.282952e+15
244 2.288384e+15
245 2.293816e+15
246 2.301964e+15
247 2.301964e+15
248 2.301964e+15
249 2.301964e+15
250 2.307397e+15
251 2.307397e+15
252 2.310113e+15
253 2.310113e+15
254 2.310113e+15
255 2.315545e+15
256 2.318261e+15
257 2.318261e+15
258 2.326409e+15
259 2.326409e+15
260 2.329125e+15
261 2.334557e+15
262 2.334557e+15
263 2.334557e+15
264 2.339990e+15
265 2.342706e+15
266 2.342706e+15
267 2.345422e+15
268 2.348138e+15
269 2.353570e+15
270 2.356286e+15
271 2.356286e+15
272 2.361718e+15
273 2.364435e+15
274 2.364435e+15
275 2.367151e+15
276 2.369867e+15
277 2.369867e+15
278 2.372583e+15
279 2.372583e+15
280 2.375299e+15
281 2.383447e+15
282 2.386163e+15
283 2.402460e+15
284 2.405176e+15
285 2.410608e+15
286 2.418756e+15
287 2.424189e+15
288 2.426905e+15
289 2.426905e+15
290 2.435053e+15
291 2.437769e+15
292 2.437769e+15
293 2.437769e+15
294 2.437769e+15
295 2.437769e+15
296 2.440485e+15
297 2.443201e+15
298 2.445917e+15
299 2.445917e+15
300 2.448633e+15
301 2.456782e+15
302 2.464930e+15
303 2.467646e+15
304 2.467646e+15
305 2.470362e+15
306 2.473078e+15
307 2.473078e+15
308 2.478510e+15
309 2.478510e+15
310 2.481226e+15
311 2.483943e+15
312 2.483943e+15
313 2.489375e+15
314 2.492091e+15
315 2.494807e+15
316 2.497523e+15
317 2.500239e+15
318 2.502955e+15
319 2.511103e+15
320 2.521968e+15
321 2.521968e+15
322 2.524684e+15
323 2.524684e+15
324 2.527400e+15
325 2.530116e+15
326 2.532832e+15
327 2.532832e+15
328 2.538264e+15
329 2.538264e+15
330 2.540980e+15
331 2.546413e+15
332 2.549129e+15
333 2.557277e+15
334 2.562709e+15
335 2.565425e+15
336 2.570857e+15
337 2.573574e+15
338 2.576290e+15
339 2.576290e+15
340 2.576290e+15
341 2.584438e+15
342 2.587154e+15
343 2.587154e+15
344 2.595302e+15
345 2.608883e+15
346 2.611599e+15
347 2.614315e+15
348 2.617031e+15
349 2.617031e+15
350 2.619747e+15
351 2.622463e+15
352 2.622463e+15
353 2.625179e+15
354 2.625179e+15
355 2.627895e+15
356 2.627895e+15
357 2.636044e+15
358 2.641476e+15
359 2.644192e+15
360 2.644192e+15
361 2.646908e+15
362 2.646908e+15
363 2.649624e+15
364 2.649624e+15
365 2.652340e+15
366 2.655056e+15
367 2.657772e+15
368 2.660489e+15
369 2.663205e+15
370 2.668637e+15
371 2.671353e+15
372 2.674069e+15
373 2.679501e+15
374 2.684933e+15
375 2.687649e+15
376 2.690366e+15
377 2.693082e+15
378 2.695798e+15
379 2.695798e+15
380 2.698514e+15
381 2.698514e+15
382 2.701230e+15
383 2.706662e+15
384 2.706662e+15
385 2.706662e+15
386 2.712094e+15
387 2.712094e+15
388 2.717526e+15
389 2.717526e+15
390 2.720243e+15
391 2.720243e+15
392 2.722959e+15
393 2.722959e+15
394 2.725675e+15
395 2.725675e+15
396 2.736539e+15
397 2.741971e+15
398 2.741971e+15
399 2.744687e+15
400 2.744687e+15
401 2.750120e+15
402 2.752836e+15
403 2.755552e+15
404 2.755552e+15
405 2.755552e+15
406 2.758268e+15
407 2.758268e+15
408 2.758268e+15
409 2.760984e+15
410 2.766416e+15
411 2.766416e+15
412 2.769132e+15
413 2.769132e+15
414 2.771848e+15
415 2.771848e+15
416 2.774564e+15
417 2.774564e+15
418 2.785429e+15
419 2.785429e+15
420 2.799009e+15
421 2.799009e+15
422 2.804441e+15
423 2.804441e+15
424 2.812590e+15
425 2.812590e+15
426 2.818022e+15
427 2.820738e+15
428 2.820738e+15
429 2.823454e+15
430 2.826170e+15
431 2.828886e+15
432 2.831602e+15
433 2.831602e+15
434 2.834318e+15
435 2.839751e+15
436 2.842467e+15
437 2.842467e+15
438 2.842467e+15
439 2.845183e+15
440 2.847899e+15
441 2.847899e+15
442 2.850615e+15
443 2.853331e+15
444 2.853331e+15
445 2.856047e+15
446 2.856047e+15
447 2.858763e+15
448 2.858763e+15
449 2.866911e+15
450 2.869628e+15
451 2.869628e+15
452 2.869628e+15
453 2.875060e+15
454 2.877776e+15
455 2.883208e+15
456 2.883208e+15
457 2.885924e+15
458 2.885924e+15
459 2.888640e+15
460 2.888640e+15
461 2.888640e+15
462 2.894072e+15
463 2.896789e+15
464 2.902221e+15
465 2.907653e+15
466 2.907653e+15
467 2.910369e+15
468 2.910369e+15
469 2.913085e+15
470 2.913085e+15
471 2.913085e+15
472 2.913085e+15
473 2.913085e+15
474 2.915801e+15
475 2.918517e+15
476 2.918517e+15
477 2.921233e+15
478 2.923949e+15
479 2.923949e+15
480 2.923949e+15
481 2.926666e+15
482 2.926666e+15
483 2.929382e+15
484 2.932098e+15
485 2.932098e+15
486 2.934814e+15
487 2.940246e+15
488 2.940246e+15
489 2.940246e+15
490 2.942962e+15
491 2.948394e+15
492 2.948394e+15
493 2.959259e+15
494 2.959259e+15
495 2.959259e+15
496 2.959259e+15
497 2.964691e+15
498 2.964691e+15
499 2.967407e+15
500 2.975555e+15
501 2.980987e+15
502 2.980987e+15
503 2.989136e+15
504 2.989136e+15
505 2.989136e+15
506 2.997284e+15
507 3.000000e+15
508 3.008148e+15
509 3.008148e+15
510 3.010864e+15
511 3.010864e+15
512 3.013580e+15
513 3.016297e+15
514 3.016297e+15
515 3.016297e+15
516 3.019013e+15
517 3.024445e+15
518 3.029877e+15
519 3.029877e+15
520 3.029877e+15
521 3.029877e+15
522 3.032593e+15
523 3.032593e+15
524 3.035309e+15
525 3.035309e+15
526 3.038025e+15
527 3.038025e+15
528 3.038025e+15
529 3.043457e+15
530 3.043457e+15
531 3.046174e+15
532 3.048890e+15
533 3.051606e+15
534 3.051606e+15
535 3.054322e+15
536 3.057038e+15
537 3.059754e+15
538 3.062470e+15
539 3.062470e+15
540 3.067902e+15
541 3.070618e+15
542 3.070618e+15
543 3.070618e+15
544 3.070618e+15
545 3.073334e+15
546 3.073334e+15
547 3.073334e+15
548 3.078767e+15
549 3.086915e+15
550 3.086915e+15
551 3.089631e+15
552 3.089631e+15
553 3.097779e+15
554 3.100495e+15
555 3.105928e+15
556 3.105928e+15
557 3.105928e+15
558 3.105928e+15
559 3.108644e+15
560 3.114076e+15
561 3.116792e+15
562 3.116792e+15
563 3.119508e+15
564 3.119508e+15
565 3.122224e+15
566 3.127656e+15
567 3.130372e+15
568 3.133089e+15
569 3.133089e+15
570 3.135805e+15
571 3.135805e+15
572 3.135805e+15
573 3.143953e+15
574 3.149385e+15
575 3.154817e+15
576 3.157533e+15
577 3.165682e+15
578 3.165682e+15
579 3.165682e+15
580 3.171114e+15
581 3.173830e+15
582 3.176546e+15
583 3.176546e+15
584 3.179262e+15
585 3.181978e+15
586 3.181978e+15
587 3.181978e+15
588 3.184694e+15
589 3.184694e+15
590 3.184694e+15
591 3.184694e+15
592 3.187410e+15
593 3.190126e+15
594 3.192843e+15
595 3.192843e+15
596 3.198275e+15
597 3.198275e+15
598 3.200991e+15
599 3.203707e+15
600 3.206423e+15
601 3.206423e+15
602 3.206423e+15
603 3.209139e+15
604 3.211855e+15
605 3.217287e+15
606 3.222720e+15
607 3.225436e+15
608 3.225436e+15
609 3.228152e+15
610 3.230868e+15
611 3.233584e+15
612 3.233584e+15
613 3.233584e+15
614 3.244448e+15
615 3.244448e+15
616 3.244448e+15
617 3.249880e+15
618 3.249880e+15
619 3.249880e+15
620 3.252597e+15
621 3.252597e+15
622 3.255313e+15
623 3.258029e+15
624 3.260745e+15
625 3.263461e+15
626 3.266177e+15
627 3.266177e+15
628 3.268893e+15
629 3.271609e+15
630 3.277041e+15
631 3.277041e+15
632 3.277041e+15
633 3.285190e+15
634 3.290622e+15
635 3.293338e+15
636 3.293338e+15
637 3.298770e+15
638 3.298770e+15
639 3.301486e+15
640 3.304202e+15
641 3.306918e+15
642 3.306918e+15
643 3.309634e+15
644 3.309634e+15
645 3.312351e+15
646 3.312351e+15
647 3.315067e+15
648 3.315067e+15
649 3.317783e+15
650 3.320499e+15
651 3.320499e+15
652 3.320499e+15
653 3.325931e+15
654 3.325931e+15
655 3.328647e+15
656 3.331363e+15
657 3.331363e+15
658 3.334079e+15
659 3.336795e+15
660 3.344944e+15
661 3.344944e+15
662 3.347660e+15
663 3.350376e+15
664 3.353092e+15
665 3.355808e+15
666 3.355808e+15
667 3.355808e+15
668 3.358524e+15
669 3.361240e+15
670 3.363956e+15
671 3.366672e+15
672 3.366672e+15
673 3.369388e+15
674 3.372105e+15
675 3.372105e+15
676 3.372105e+15
677 3.374821e+15
678 3.380253e+15
679 3.382969e+15
680 3.382969e+15
681 3.382969e+15
682 3.385685e+15
683 3.385685e+15
684 3.388401e+15
685 3.391117e+15
686 3.391117e+15
687 3.393833e+15
688 3.393833e+15
689 3.396549e+15
690 3.396549e+15
691 3.399266e+15
692 3.404698e+15
693 3.404698e+15
694 3.410130e+15
695 3.415562e+15
696 3.420994e+15
697 3.420994e+15
698 3.420994e+15
699 3.426426e+15
700 3.429143e+15
701 3.429143e+15
702 3.431859e+15
703 3.437291e+15
704 3.437291e+15
705 3.437291e+15
706 3.442723e+15
707 3.442723e+15
708 3.442723e+15
709 3.450871e+15
710 3.453587e+15
711 3.453587e+15
712 3.461736e+15
713 3.464452e+15
714 3.467168e+15
715 3.469884e+15
716 3.469884e+15
717 3.469884e+15
718 3.469884e+15
719 3.472600e+15
720 3.472600e+15
721 3.475316e+15
722 3.475316e+15
723 3.475316e+15
724 3.478032e+15
725 3.478032e+15
726 3.478032e+15
727 3.480748e+15
728 3.483464e+15
729 3.486180e+15
730 3.486180e+15
731 3.486180e+15
732 3.486180e+15
733 3.488897e+15
734 3.488897e+15
735 3.494329e+15
736 3.494329e+15
737 3.497045e+15
738 3.497045e+15
739 3.499761e+15
740 3.510625e+15
741 3.513341e+15
742 3.513341e+15
743 3.518774e+15
744 3.521490e+15
745 3.526922e+15
746 3.526922e+15
747 3.529638e+15
748 3.529638e+15
749 3.532354e+15
750 3.537786e+15
751 3.537786e+15
752 3.537786e+15
753 3.537786e+15
754 3.540502e+15
755 3.540502e+15
756 3.548651e+15
757 3.554083e+15
758 3.554083e+15
759 3.554083e+15
760 3.559515e+15
761 3.564947e+15
762 3.564947e+15
763 3.573095e+15
764 3.573095e+15
765 3.578528e+15
766 3.581244e+15
767 3.583960e+15
768 3.583960e+15
769 3.586676e+15
770 3.586676e+15
771 3.594824e+15
772 3.597540e+15
773 3.602972e+15
774 3.605688e+15
775 3.619269e+15
776 3.621985e+15
777 3.624701e+15
778 3.627417e+15
779 3.632849e+15
780 3.632849e+15
781 3.638282e+15
782 3.643714e+15
783 3.646430e+15
784 3.649146e+15
785 3.649146e+15
786 3.651862e+15
787 3.654578e+15
788 3.662726e+15
789 3.662726e+15
790 3.662726e+15
791 3.665443e+15
792 3.665443e+15
793 3.668159e+15
794 3.670875e+15
795 3.681739e+15
796 3.684455e+15
797 3.684455e+15
798 3.684455e+15
799 3.687171e+15
800 3.687171e+15
801 3.689887e+15
802 3.692603e+15
803 3.706184e+15
804 3.725197e+15
805 3.725197e+15
806 3.730629e+15
807 3.730629e+15
808 3.730629e+15
809 3.730629e+15
810 3.733345e+15
811 3.733345e+15
812 3.733345e+15
813 3.744209e+15
814 3.746925e+15
815 3.746925e+15
816 3.752357e+15
817 3.757790e+15
818 3.757790e+15
819 3.760506e+15
820 3.768654e+15
821 3.768654e+15
822 3.774086e+15
823 3.776802e+15
824 3.776802e+15
825 3.782234e+15
826 3.782234e+15
827 3.790383e+15
828 3.798531e+15
829 3.801247e+15
830 3.803963e+15
831 3.806679e+15
832 3.809395e+15
833 3.809395e+15
834 3.812111e+15
835 3.812111e+15
836 3.822976e+15
837 3.825692e+15
838 3.825692e+15
839 3.828408e+15
840 3.833840e+15
841 3.836556e+15
842 3.841988e+15
843 3.855569e+15
844 3.858285e+15
845 3.863717e+15
846 3.866433e+15
847 3.869149e+15
848 3.871865e+15
849 3.877298e+15
850 3.877298e+15
851 3.885446e+15
852 3.885446e+15
853 3.890878e+15
854 3.890878e+15
855 3.890878e+15
856 3.904459e+15
857 3.909891e+15
858 3.918039e+15
859 3.923471e+15
860 3.931620e+15
861 3.937052e+15
862 3.937052e+15
863 3.939768e+15
864 3.942484e+15
865 3.945200e+15
866 3.945200e+15
867 3.947916e+15
868 3.953348e+15
869 3.953348e+15
870 3.958780e+15
871 3.966929e+15
872 3.966929e+15
873 3.977793e+15
874 3.977793e+15
875 3.991374e+15
876 3.996806e+15
877 4.004954e+15
878 4.004954e+15
879 4.013102e+15
880 4.015818e+15
881 4.018534e+15
882 4.023967e+15
883 4.029399e+15
884 4.032115e+15
885 4.034831e+15
886 4.034831e+15
887 4.037547e+15
888 4.042979e+15
889 4.042979e+15
890 4.048411e+15
891 4.053844e+15
892 4.072856e+15
893 4.075572e+15
894 4.108165e+15
895 4.108165e+15
896 4.108165e+15
897 4.108165e+15
898 4.110882e+15
899 4.121746e+15
900 4.124462e+15
901 4.127178e+15
902 4.129894e+15
903 4.132610e+15
904 4.140759e+15
905 4.148907e+15
906 4.151623e+15
907 4.154339e+15
908 4.162487e+15
909 4.165203e+15
910 4.170636e+15
911 4.173352e+15
912 4.176068e+15
913 4.176068e+15
914 4.176068e+15
915 4.178784e+15
916 4.178784e+15
917 4.181500e+15
918 4.184216e+15
919 4.192364e+15
920 4.205945e+15
921 4.214093e+15
922 4.214093e+15
923 4.214093e+15
924 4.224957e+15
925 4.224957e+15
926 4.238538e+15
927 4.249402e+15
928 4.252118e+15
929 4.260267e+15
930 4.265699e+15
931 4.273847e+15
932 4.273847e+15
933 4.279279e+15
934 4.301008e+15
935 4.311872e+15
936 4.311872e+15
937 4.314588e+15
938 4.320021e+15
939 4.325453e+15
940 4.339033e+15
941 4.341749e+15
942 4.352614e+15
943 4.363478e+15
944 4.368910e+15
945 4.374342e+15
946 4.379775e+15
947 4.385207e+15
948 4.387923e+15
949 4.390639e+15
950 4.398787e+15
951 4.404219e+15
952 4.415084e+15
953 4.417800e+15
954 4.439529e+15
955 4.453109e+15
956 4.455825e+15
957 4.463974e+15
958 4.474838e+15
959 4.477554e+15
960 4.482986e+15
961 4.482986e+15
962 4.485702e+15
963 4.488418e+15
964 4.501999e+15
965 4.518295e+15
966 4.526444e+15
967 4.545456e+15
968 4.559037e+15
969 4.567185e+15
970 4.567185e+15
971 4.578049e+15
972 4.591630e+15
973 4.594346e+15
974 4.597062e+15
975 4.610642e+15
976 4.624223e+15
977 4.648668e+15
978 4.656816e+15
979 4.656816e+15
980 4.664964e+15
981 4.670396e+15
982 4.673113e+15
983 4.686693e+15
984 4.692125e+15
985 4.694841e+15
986 4.694841e+15
987 4.702990e+15
988 4.705706e+15
989 4.716570e+15
990 4.716570e+15
991 4.757311e+15
992 4.884968e+15
993 4.925709e+15
994 4.933857e+15
995 4.942006e+15
996 4.971883e+15
997 5.058798e+15
998 5.115836e+15
999 5.118552e+15
1000 5.126700e+15
