# E_gamma(MeV)   Spectrum
5.145440e-01 1.771683e+19
5.413360e-01 2.079741e+19
5.695230e-01 2.426131e+19
5.991770e-01 2.695438e+19
6.303750e-01 2.869947e+19
6.631980e-01 2.963889e+19
6.977300e-01 3.000478e+19
7.340600e-01 2.993483e+19
7.722810e-01 2.954354e+19
8.124930e-01 2.892010e+19
8.547980e-01 2.814597e+19
8.993070e-01 2.725792e+19
9.461320e-01 2.629753e+19
9.953960e-01 2.528092e+19
1.047230e+00 2.424005e+19
1.101750e+00 2.318944e+19
1.159120e+00 2.215121e+19
1.219470e+00 2.111852e+19
1.282970e+00 2.010130e+19
1.349770e+00 1.911229e+19
1.420050e+00 1.815438e+19
1.493990e+00 1.722672e+19
1.571780e+00 1.633495e+19
1.653620e+00 1.546929e+19
1.739730e+00 1.464252e+19
1.830310e+00 1.384972e+19
1.925610e+00 1.309322e+19
2.025880e+00 1.236796e+19
2.131360e+00 1.167582e+19
2.242340e+00 1.101744e+19
2.359100e+00 1.038902e+19
2.481930e+00 9.793148e+18
2.611160e+00 9.227608e+18
2.747120e+00 8.689422e+18
2.890160e+00 8.179520e+18
3.040650e+00 7.695924e+18
3.198970e+00 7.238972e+18
3.365530e+00 6.805371e+18
3.540770e+00 6.394755e+18
3.725140e+00 6.007470e+18
3.919100e+00 5.641286e+18
4.123160e+00 5.295068e+18
4.337850e+00 4.968895e+18
4.563720e+00 4.660633e+18
4.801340e+00 4.371923e+18
5.051340e+00 4.099710e+18
5.314360e+00 3.842947e+18
5.591070e+00 3.602619e+18
5.882190e+00 3.376834e+18
6.188470e+00 3.165752e+18
6.510690e+00 2.968576e+18
6.849700e+00 2.784899e+18
7.206350e+00 2.614204e+18
7.581580e+00 2.455933e+18
7.976340e+00 2.310275e+18
8.391660e+00 2.176914e+18
8.828600e+00 2.055599e+18
9.288290e+00 1.946387e+18
9.771920e+00 1.849060e+18
1.028070e+01 1.764805e+18
1.081600e+01 1.691518e+18
1.137920e+01 1.629325e+18
1.197170e+01 1.578365e+18
1.259510e+01 1.536751e+18
1.325090e+01 1.503607e+18
1.394080e+01 1.475971e+18
1.466670e+01 1.451468e+18
1.543040e+01 1.426647e+18
1.623380e+01 1.397009e+18
1.707910e+01 1.360934e+18
1.796840e+01 1.315905e+18
1.890400e+01 1.262810e+18
1.988830e+01 1.201327e+18
2.092380e+01 1.131801e+18
2.201330e+01 1.054861e+18
2.315950e+01 9.691931e+17
2.436540e+01 8.806592e+17
2.563410e+01 7.917363e+17
2.696880e+01 7.086220e+17
2.837300e+01 6.329533e+17
2.985040e+01 5.655764e+17
3.140470e+01 5.053472e+17
3.303990e+01 4.499815e+17
3.476020e+01 3.993399e+17
3.657010e+01 3.525395e+17
3.847430e+01 3.090142e+17
4.047760e+01 2.693891e+17
4.258520e+01 2.327111e+17
4.480250e+01 1.992960e+17
4.713530e+01 1.702213e+17
4.958960e+01 1.448933e+17
5.217170e+01 1.239356e+17
5.488820e+01 1.065068e+17
5.774620e+01 9.214811e+16
6.075290e+01 8.016797e+16
6.391620e+01 6.961774e+16
6.724430e+01 6.039584e+16
7.074560e+01 5.203757e+16
7.442920e+01 4.440934e+16
7.830470e+01 3.750556e+16
8.238190e+01 3.114675e+16
8.667140e+01 2.542579e+16
9.118430e+01 2.044964e+16
9.593210e+01 1.618630e+16
1.009270e+02 1.272988e+16
1.061820e+02 9.908245e+15
1.117110e+02 7.683220e+15
1.175280e+02 5.955318e+15
1.236470e+02 4.632564e+15
1.300850e+02 3.655210e+15
1.368590e+02 2.931096e+15
1.439850e+02 2.406992e+15
1.514820e+02 2.004717e+15
1.593690e+02 1.670445e+15
1.676680e+02 1.371123e+15
1.763980e+02 1.093537e+15
1.855830e+02 8.386304e+14
1.952460e+02 6.201170e+14
2.054120e+02 4.402172e+14
2.161070e+02 3.048573e+14
2.273600e+02 2.061814e+14
2.391980e+02 1.363368e+14
2.516530e+02 8.980902e+13
2.647560e+02 5.801778e+13
2.785410e+02 3.742035e+13
2.930450e+02 2.430739e+13
3.083030e+02 1.534680e+13
3.243560e+02 9.347946e+12
3.412450e+02 5.354304e+12
3.590130e+02 2.847319e+12
3.777060e+02 1.473557e+12
3.973730e+02 7.181012e+11
4.180640e+02 3.525962e+11
4.398320e+02 1.749336e+11
4.627330e+02 8.082200e+10
4.868270e+02 3.441836e+10
5.121760e+02 1.343786e+10
5.388440e+02 4.968367e+09
5.669010e+02 1.957446e+09
5.964180e+02 6.913614e+08
6.274730e+02 2.157655e+08
6.601450e+02 6.648324e+07
6.945180e+02 1.875506e+07
7.306800e+02 5.286697e+06
7.687260e+02 1.284495e+06
8.087520e+02 2.736562e+05
8.508630e+02 6.447621e+04
8.951660e+02 1.190996e+04
9.417770e+02 2.065339e+03
9.908140e+02 3.670572e+02
1.042400e+03 4.561223e+01
1.096680e+03 7.034546e+00
1.153780e+03 8.308817e-01
1.213860e+03 6.621648e-02
1.277060e+03 7.440989e-03
1.343560e+03 5.302020e-04
1.413520e+03 4.117058e-05
1.487120e+03 2.664952e-06
1.564550e+03 1.130133e-07
1.646010e+03 6.783125e-09
1.731720e+03 2.657804e-10
1.821890e+03 9.425507e-12
1.916750e+03 2.501543e-13
2.016550e+03 5.997501e-15
2.121550e+03 1.306361e-16
2.232020e+03 2.126596e-18
2.348230e+03 2.608195e-20
2.470500e+03 2.832196e-22
2.599140e+03 2.521286e-24
2.734470e+03 1.459565e-26
2.876850e+03 7.773969e-29
3.026650e+03 2.971934e-31
3.184240e+03 7.701537e-34
3.350040e+03 1.810955e-36
3.524470e+03 2.430743e-39
3.707990e+03 2.887807e-42
3.901060e+03 1.969096e-45
4.104180e+03 1.136515e-48
4.317880e+03 3.483233e-52
4.542710e+03 9.104744e-56
4.779240e+03 1.299605e-59
5.028090e+03 1.144499e-63
5.289890e+03 8.706879e-68
5.565330e+03 2.697271e-72
5.855110e+03 4.872169e-77
6.159980e+03 5.690697e-82
6.480720e+03 3.917983e-87
6.818160e+03 4.068082e-92
7.173170e+03 2.211047e-97
7.546670e+03 2.041456e-103
7.939620e+03 1.043319e-110
8.353020e+03 8.271981e-116
8.787950e+03 1.944341e-122
9.245530e+03 4.649631e-130
9.726930e+03 5.183237e-137
1.023340e+04 4.838702e-145
1.076620e+04 6.275682e-152
1.132680e+04 8.077331e-161
1.191660e+04 7.896361e-175
1.253710e+04 4.457051e-185
1.318990e+04 1.100734e-195
1.387660e+04 7.678577e-200
1.459920e+04 1.921506e-214
1.535930e+04 1.103821e-222
1.615910e+04 2.596402e-237
1.700050e+04 4.889078e-256
1.788570e+04 4.242373e-267
1.881690e+04 1.309538e-270
1.979670e+04 1.166483e-282
2.082750e+04 2.601538e-295
2.191200e+04 0.000000e+00
2.305290e+04 0.000000e+00
2.425320e+04 0.000000e+00
2.551610e+04 0.000000e+00
2.684460e+04 0.000000e+00
2.824240e+04 0.000000e+00
2.971300e+04 0.000000e+00
3.126010e+04 0.000000e+00
3.288770e+04 0.000000e+00
3.460020e+04 0.000000e+00
3.640170e+04 0.000000e+00
3.829710e+04 0.000000e+00
4.029120e+04 0.000000e+00
4.238910e+04 0.000000e+00
4.459630e+04 0.000000e+00
4.691830e+04 0.000000e+00
4.936130e+04 0.000000e+00
5.193150e+04 0.000000e+00
5.463550e+04 0.000000e+00
5.748030e+04 0.000000e+00
6.047320e+04 0.000000e+00
6.362200e+04 0.000000e+00
6.693470e+04 0.000000e+00
7.041990e+04 0.000000e+00
7.408660e+04 0.000000e+00
7.794420e+04 0.000000e+00
8.200260e+04 0.000000e+00
8.627240e+04 0.000000e+00
9.076450e+04 0.000000e+00
9.549040e+04 0.000000e+00
1.004630e+05 0.000000e+00
1.056930e+05 0.000000e+00
1.111970e+05 0.000000e+00
1.169870e+05 0.000000e+00
1.230780e+05 0.000000e+00
1.294860e+05 0.000000e+00
1.362290e+05 0.000000e+00
1.433220e+05 0.000000e+00
1.507850e+05 0.000000e+00
1.586360e+05 0.000000e+00
1.668960e+05 0.000000e+00
1.755860e+05 0.000000e+00
1.847280e+05 0.000000e+00
1.943470e+05 0.000000e+00
2.044660e+05 0.000000e+00
2.151120e+05 0.000000e+00
2.263130e+05 0.000000e+00
2.380970e+05 0.000000e+00
2.504940e+05 0.000000e+00
2.635370e+05 0.000000e+00
2.772590e+05 0.000000e+00
2.916960e+05 0.000000e+00
3.068840e+05 0.000000e+00
3.228630e+05 0.000000e+00
3.396740e+05 0.000000e+00
3.573600e+05 0.000000e+00
3.759670e+05 0.000000e+00
3.955440e+05 0.000000e+00
4.161390e+05 0.000000e+00
4.378070e+05 0.000000e+00
4.606030e+05 0.000000e+00
4.845860e+05 0.000000e+00
5.098180e+05 0.000000e+00
5.363630e+05 0.000000e+00
5.642910e+05 0.000000e+00
5.936730e+05 0.000000e+00
6.245840e+05 0.000000e+00
6.571060e+05 0.000000e+00
6.913200e+05 0.000000e+00
7.273170e+05 0.000000e+00
7.651870e+05 0.000000e+00
8.050290e+05 0.000000e+00
8.469460e+05 0.000000e+00
8.910450e+05 0.000000e+00
9.374410e+05 0.000000e+00
9.862520e+05 0.000000e+00
1.037610e+06 0.000000e+00
1.091630e+06 0.000000e+00
1.148470e+06 0.000000e+00
1.208270e+06 0.000000e+00
1.271180e+06 0.000000e+00
1.337370e+06 0.000000e+00
1.407010e+06 0.000000e+00
1.480270e+06 0.000000e+00
1.557340e+06 0.000000e+00
1.638430e+06 0.000000e+00
1.723740e+06 0.000000e+00
1.813500e+06 0.000000e+00
1.907920e+06 0.000000e+00
2.007270e+06 0.000000e+00
2.111780e+06 0.000000e+00
2.221740e+06 0.000000e+00
2.337420e+06 0.000000e+00
2.459130e+06 0.000000e+00
2.587170e+06 0.000000e+00
2.721880e+06 0.000000e+00
2.863610e+06 0.000000e+00
3.012710e+06 0.000000e+00
3.169580e+06 0.000000e+00
3.334620e+06 0.000000e+00
3.508250e+06 0.000000e+00
3.690920e+06 0.000000e+00
3.883100e+06 0.000000e+00
4.085290e+06 0.000000e+00
4.298000e+06 0.000000e+00
4.521790e+06 0.000000e+00
4.757240e+06 0.000000e+00
5.004940e+06 0.000000e+00
5.265540e+06 0.000000e+00
5.539710e+06 0.000000e+00
5.828150e+06 0.000000e+00
6.131620e+06 0.000000e+00
6.450880e+06 0.000000e+00
6.786770e+06 0.000000e+00
7.140150e+06 0.000000e+00
7.511930e+06 0.000000e+00
7.903070e+06 0.000000e+00
8.314570e+06 0.000000e+00
8.747500e+06 0.000000e+00
9.202970e+06 0.000000e+00
9.682150e+06 0.000000e+00
1.018630e+07 0.000000e+00
1.071670e+07 0.000000e+00
1.127470e+07 0.000000e+00
1.186170e+07 0.000000e+00
1.247940e+07 0.000000e+00
1.312910e+07 0.000000e+00
1.381280e+07 0.000000e+00
1.453200e+07 0.000000e+00
1.528860e+07 0.000000e+00
1.608470e+07 0.000000e+00
1.692220e+07 0.000000e+00
1.780330e+07 0.000000e+00
1.873030e+07 0.000000e+00
1.970560e+07 0.000000e+00
2.073160e+07 0.000000e+00
2.181110e+07 0.000000e+00
2.294680e+07 0.000000e+00
2.414160e+07 0.000000e+00
2.539860e+07 0.000000e+00
2.672110e+07 0.000000e+00
2.811240e+07 0.000000e+00
2.957620e+07 0.000000e+00
3.111620e+07 0.000000e+00
3.273630e+07 0.000000e+00
3.444090e+07 0.000000e+00
3.623420e+07 0.000000e+00
3.812080e+07 0.000000e+00
4.010570e+07 0.000000e+00
4.219400e+07 0.000000e+00
4.439100e+07 0.000000e+00
4.670230e+07 0.000000e+00
4.913410e+07 0.000000e+00
5.169240e+07 0.000000e+00
5.438400e+07 0.000000e+00
5.721570e+07 0.000000e+00
6.019480e+07 0.000000e+00
6.332910e+07 0.000000e+00
6.662650e+07 0.000000e+00
7.009570e+07 0.000000e+00
7.374550e+07 0.000000e+00
7.758530e+07 0.000000e+00
8.162510e+07 0.000000e+00
8.587520e+07 0.000000e+00
9.034660e+07 0.000000e+00
9.505080e+07 0.000000e+00
1.000000e+08 0.000000e+00
