# Mean mass (g): 2.81e+15
1 4.171373e+14
2 6.492273e+14
3 6.584190e+14
4 7.319524e+14
5 7.503358e+14
6 7.549317e+14
7 7.549317e+14
8 7.779109e+14
9 8.123797e+14
10 8.537422e+14
11 8.721256e+14
12 8.882110e+14
13 9.180840e+14
14 9.295736e+14
15 9.617445e+14
16 9.755320e+14
17 9.778299e+14
18 9.824258e+14
19 9.939154e+14
20 1.003107e+15
21 1.003107e+15
22 1.007703e+15
23 1.010001e+15
24 1.014597e+15
25 1.021490e+15
26 1.042172e+15
27 1.049065e+15
28 1.055959e+15
29 1.076641e+15
30 1.097322e+15
31 1.108811e+15
32 1.113407e+15
33 1.118003e+15
34 1.124897e+15
35 1.134089e+15
36 1.134089e+15
37 1.152472e+15
38 1.161664e+15
39 1.166259e+15
40 1.196132e+15
41 1.200728e+15
42 1.203026e+15
43 1.205324e+15
44 1.216814e+15
45 1.221410e+15
46 1.228303e+15
47 1.232899e+15
48 1.235197e+15
49 1.248985e+15
50 1.285751e+15
51 1.285751e+15
52 1.288049e+15
53 1.292645e+15
54 1.311028e+15
55 1.317922e+15
56 1.317922e+15
57 1.324816e+15
58 1.338603e+15
59 1.340901e+15
60 1.343199e+15
61 1.347795e+15
62 1.359285e+15
63 1.368476e+15
64 1.375370e+15
65 1.375370e+15
66 1.400647e+15
67 1.400647e+15
68 1.419031e+15
69 1.419031e+15
70 1.430520e+15
71 1.430520e+15
72 1.432818e+15
73 1.448904e+15
74 1.451202e+15
75 1.453499e+15
76 1.462691e+15
77 1.462691e+15
78 1.474181e+15
79 1.474181e+15
80 1.483372e+15
81 1.520139e+15
82 1.533927e+15
83 1.540820e+15
84 1.543118e+15
85 1.543118e+15
86 1.561502e+15
87 1.566098e+15
88 1.572991e+15
89 1.584481e+15
90 1.586779e+15
91 1.607460e+15
92 1.616652e+15
93 1.625844e+15
94 1.630439e+15
95 1.632737e+15
96 1.635035e+15
97 1.637333e+15
98 1.644227e+15
99 1.648823e+15
100 1.651121e+15
101 1.653419e+15
102 1.653419e+15
103 1.653419e+15
104 1.655716e+15
105 1.658014e+15
106 1.660312e+15
107 1.660312e+15
108 1.664908e+15
109 1.671802e+15
110 1.678696e+15
111 1.678696e+15
112 1.683292e+15
113 1.683292e+15
114 1.683292e+15
115 1.687887e+15
116 1.690185e+15
117 1.694781e+15
118 1.694781e+15
119 1.694781e+15
120 1.703973e+15
121 1.706271e+15
122 1.708569e+15
123 1.710867e+15
124 1.726952e+15
125 1.731548e+15
126 1.733846e+15
127 1.738442e+15
128 1.738442e+15
129 1.738442e+15
130 1.740740e+15
131 1.745335e+15
132 1.747633e+15
133 1.747633e+15
134 1.752229e+15
135 1.754527e+15
136 1.756825e+15
137 1.763719e+15
138 1.766017e+15
139 1.772910e+15
140 1.793592e+15
141 1.795890e+15
142 1.805081e+15
143 1.809677e+15
144 1.811975e+15
145 1.816571e+15
146 1.818869e+15
147 1.821167e+15
148 1.828061e+15
149 1.830358e+15
150 1.837252e+15
151 1.844146e+15
152 1.848742e+15
153 1.860231e+15
154 1.864827e+15
155 1.864827e+15
156 1.867125e+15
157 1.871721e+15
158 1.880913e+15
159 1.883211e+15
160 1.885509e+15
161 1.892402e+15
162 1.922275e+15
163 1.936063e+15
164 1.936063e+15
165 1.940659e+15
166 1.942957e+15
167 1.945254e+15
168 1.947552e+15
169 1.949850e+15
170 1.949850e+15
171 1.952148e+15
172 1.952148e+15
173 1.963638e+15
174 1.968234e+15
175 1.977425e+15
176 1.979723e+15
177 1.984319e+15
178 1.986617e+15
179 1.986617e+15
180 1.991213e+15
181 1.993511e+15
182 1.995809e+15
183 1.998107e+15
184 2.005000e+15
185 2.014192e+15
186 2.018788e+15
187 2.018788e+15
188 2.021086e+15
189 2.027980e+15
190 2.030278e+15
191 2.034873e+15
192 2.037171e+15
193 2.039469e+15
194 2.039469e+15
195 2.046363e+15
196 2.050959e+15
197 2.055555e+15
198 2.057853e+15
199 2.060151e+15
200 2.060151e+15
201 2.062448e+15
202 2.064746e+15
203 2.064746e+15
204 2.069342e+15
205 2.071640e+15
206 2.083130e+15
207 2.090023e+15
208 2.094619e+15
209 2.094619e+15
210 2.108407e+15
211 2.110705e+15
212 2.113003e+15
213 2.113003e+15
214 2.115301e+15
215 2.124492e+15
216 2.124492e+15
217 2.124492e+15
218 2.129088e+15
219 2.133684e+15
220 2.145174e+15
221 2.149769e+15
222 2.158961e+15
223 2.158961e+15
224 2.161259e+15
225 2.163557e+15
226 2.165855e+15
227 2.165855e+15
228 2.170451e+15
229 2.175047e+15
230 2.177344e+15
231 2.179642e+15
232 2.179642e+15
233 2.181940e+15
234 2.181940e+15
235 2.181940e+15
236 2.184238e+15
237 2.186536e+15
238 2.186536e+15
239 2.186536e+15
240 2.191132e+15
241 2.191132e+15
242 2.193430e+15
243 2.193430e+15
244 2.193430e+15
245 2.195728e+15
246 2.198026e+15
247 2.200324e+15
248 2.202622e+15
249 2.202622e+15
250 2.202622e+15
251 2.207217e+15
252 2.207217e+15
253 2.214111e+15
254 2.216409e+15
255 2.225601e+15
256 2.225601e+15
257 2.232495e+15
258 2.234792e+15
259 2.237090e+15
260 2.239388e+15
261 2.239388e+15
262 2.239388e+15
263 2.241686e+15
264 2.246282e+15
265 2.246282e+15
266 2.255474e+15
267 2.257772e+15
268 2.257772e+15
269 2.262368e+15
270 2.264665e+15
271 2.266963e+15
272 2.273857e+15
273 2.273857e+15
274 2.276155e+15
275 2.276155e+15
276 2.276155e+15
277 2.283049e+15
278 2.289943e+15
279 2.296836e+15
280 2.299134e+15
281 2.301432e+15
282 2.301432e+15
283 2.306028e+15
284 2.308326e+15
285 2.310624e+15
286 2.310624e+15
287 2.315220e+15
288 2.317518e+15
289 2.317518e+15
290 2.329007e+15
291 2.331305e+15
292 2.333603e+15
293 2.333603e+15
294 2.333603e+15
295 2.335901e+15
296 2.335901e+15
297 2.338199e+15
298 2.338199e+15
299 2.338199e+15
300 2.340497e+15
301 2.345093e+15
302 2.345093e+15
303 2.347391e+15
304 2.349688e+15
305 2.349688e+15
306 2.351986e+15
307 2.351986e+15
308 2.354284e+15
309 2.354284e+15
310 2.356582e+15
311 2.361178e+15
312 2.365774e+15
313 2.368072e+15
314 2.372668e+15
315 2.372668e+15
316 2.377264e+15
317 2.377264e+15
318 2.379561e+15
319 2.379561e+15
320 2.381859e+15
321 2.386455e+15
322 2.388753e+15
323 2.388753e+15
324 2.391051e+15
325 2.391051e+15
326 2.393349e+15
327 2.395647e+15
328 2.397945e+15
329 2.400243e+15
330 2.404839e+15
331 2.409434e+15
332 2.411732e+15
333 2.411732e+15
334 2.414030e+15
335 2.420924e+15
336 2.430116e+15
337 2.432414e+15
338 2.434712e+15
339 2.439307e+15
340 2.446201e+15
341 2.450797e+15
342 2.455393e+15
343 2.459989e+15
344 2.462287e+15
345 2.464585e+15
346 2.464585e+15
347 2.464585e+15
348 2.473776e+15
349 2.473776e+15
350 2.476074e+15
351 2.489862e+15
352 2.489862e+15
353 2.489862e+15
354 2.489862e+15
355 2.492160e+15
356 2.492160e+15
357 2.492160e+15
358 2.494457e+15
359 2.494457e+15
360 2.496755e+15
361 2.496755e+15
362 2.496755e+15
363 2.501351e+15
364 2.505947e+15
365 2.508245e+15
366 2.510543e+15
367 2.510543e+15
368 2.515139e+15
369 2.519735e+15
370 2.526628e+15
371 2.528926e+15
372 2.528926e+15
373 2.528926e+15
374 2.531224e+15
375 2.533522e+15
376 2.533522e+15
377 2.533522e+15
378 2.533522e+15
379 2.535820e+15
380 2.540416e+15
381 2.542714e+15
382 2.545012e+15
383 2.545012e+15
384 2.545012e+15
385 2.547310e+15
386 2.549608e+15
387 2.551905e+15
388 2.551905e+15
389 2.556501e+15
390 2.558799e+15
391 2.558799e+15
392 2.563395e+15
393 2.565693e+15
394 2.565693e+15
395 2.565693e+15
396 2.565693e+15
397 2.570289e+15
398 2.577183e+15
399 2.581778e+15
400 2.581778e+15
401 2.581778e+15
402 2.586374e+15
403 2.600162e+15
404 2.600162e+15
405 2.600162e+15
406 2.602460e+15
407 2.611651e+15
408 2.611651e+15
409 2.613949e+15
410 2.616247e+15
411 2.620843e+15
412 2.620843e+15
413 2.623141e+15
414 2.625439e+15
415 2.627737e+15
416 2.632333e+15
417 2.632333e+15
418 2.634631e+15
419 2.659908e+15
420 2.659908e+15
421 2.659908e+15
422 2.664504e+15
423 2.666802e+15
424 2.669099e+15
425 2.673695e+15
426 2.673695e+15
427 2.680589e+15
428 2.685185e+15
429 2.687483e+15
430 2.689781e+15
431 2.692079e+15
432 2.696674e+15
433 2.696674e+15
434 2.698972e+15
435 2.701270e+15
436 2.703568e+15
437 2.710462e+15
438 2.712760e+15
439 2.717356e+15
440 2.717356e+15
441 2.719654e+15
442 2.721952e+15
443 2.721952e+15
444 2.721952e+15
445 2.724250e+15
446 2.726547e+15
447 2.728845e+15
448 2.731143e+15
449 2.735739e+15
450 2.735739e+15
451 2.747229e+15
452 2.747229e+15
453 2.749527e+15
454 2.754123e+15
455 2.763314e+15
456 2.765612e+15
457 2.770208e+15
458 2.772506e+15
459 2.772506e+15
460 2.777102e+15
461 2.777102e+15
462 2.777102e+15
463 2.779400e+15
464 2.781698e+15
465 2.781698e+15
466 2.783995e+15
467 2.783995e+15
468 2.783995e+15
469 2.783995e+15
470 2.786293e+15
471 2.788591e+15
472 2.793187e+15
473 2.793187e+15
474 2.795485e+15
475 2.795485e+15
476 2.795485e+15
477 2.797783e+15
478 2.802379e+15
479 2.804677e+15
480 2.804677e+15
481 2.806975e+15
482 2.813868e+15
483 2.818464e+15
484 2.818464e+15
485 2.818464e+15
486 2.820762e+15
487 2.823060e+15
488 2.823060e+15
489 2.825358e+15
490 2.827656e+15
491 2.827656e+15
492 2.829954e+15
493 2.832252e+15
494 2.834550e+15
495 2.836848e+15
496 2.836848e+15
497 2.836848e+15
498 2.841443e+15
499 2.843741e+15
500 2.846039e+15
501 2.846039e+15
502 2.850635e+15
503 2.850635e+15
504 2.855231e+15
505 2.859827e+15
506 2.859827e+15
507 2.864423e+15
508 2.869019e+15
509 2.873614e+15
510 2.873614e+15
511 2.875912e+15
512 2.878210e+15
513 2.878210e+15
514 2.878210e+15
515 2.880508e+15
516 2.880508e+15
517 2.882806e+15
518 2.887402e+15
519 2.887402e+15
520 2.889700e+15
521 2.894296e+15
522 2.896594e+15
523 2.896594e+15
524 2.908083e+15
525 2.908083e+15
526 2.910381e+15
527 2.912679e+15
528 2.914977e+15
529 2.917275e+15
530 2.928764e+15
531 2.931062e+15
532 2.935658e+15
533 2.935658e+15
534 2.937956e+15
535 2.937956e+15
536 2.940254e+15
537 2.942552e+15
538 2.942552e+15
539 2.942552e+15
540 2.944850e+15
541 2.947148e+15
542 2.954042e+15
543 2.956340e+15
544 2.956340e+15
545 2.958637e+15
546 2.958637e+15
547 2.960935e+15
548 2.965531e+15
549 2.965531e+15
550 2.970127e+15
551 2.977021e+15
552 2.977021e+15
553 2.981617e+15
554 2.981617e+15
555 2.986212e+15
556 2.988510e+15
557 2.990808e+15
558 2.995404e+15
559 2.995404e+15
560 2.995404e+15
561 2.997702e+15
562 2.997702e+15
563 2.997702e+15
564 2.997702e+15
565 3.002298e+15
566 3.002298e+15
567 3.004596e+15
568 3.004596e+15
569 3.009192e+15
570 3.009192e+15
571 3.009192e+15
572 3.011490e+15
573 3.011490e+15
574 3.013788e+15
575 3.018383e+15
576 3.020681e+15
577 3.022979e+15
578 3.025277e+15
579 3.027575e+15
580 3.027575e+15
581 3.032171e+15
582 3.039065e+15
583 3.041363e+15
584 3.043660e+15
585 3.043660e+15
586 3.043660e+15
587 3.043660e+15
588 3.045958e+15
589 3.045958e+15
590 3.045958e+15
591 3.055150e+15
592 3.057448e+15
593 3.057448e+15
594 3.059746e+15
595 3.066640e+15
596 3.066640e+15
597 3.068938e+15
598 3.068938e+15
599 3.068938e+15
600 3.068938e+15
601 3.073533e+15
602 3.075831e+15
603 3.075831e+15
604 3.080427e+15
605 3.082725e+15
606 3.082725e+15
607 3.089619e+15
608 3.091917e+15
609 3.091917e+15
610 3.091917e+15
611 3.091917e+15
612 3.094215e+15
613 3.096513e+15
614 3.096513e+15
615 3.101109e+15
616 3.103406e+15
617 3.103406e+15
618 3.105704e+15
619 3.108002e+15
620 3.110300e+15
621 3.112598e+15
622 3.112598e+15
623 3.114896e+15
624 3.117194e+15
625 3.124088e+15
626 3.124088e+15
627 3.128684e+15
628 3.128684e+15
629 3.130981e+15
630 3.130981e+15
631 3.135577e+15
632 3.135577e+15
633 3.142471e+15
634 3.144769e+15
635 3.147067e+15
636 3.151663e+15
637 3.156259e+15
638 3.156259e+15
639 3.160854e+15
640 3.167748e+15
641 3.167748e+15
642 3.170046e+15
643 3.170046e+15
644 3.172344e+15
645 3.172344e+15
646 3.172344e+15
647 3.176940e+15
648 3.176940e+15
649 3.179238e+15
650 3.181536e+15
651 3.181536e+15
652 3.181536e+15
653 3.186132e+15
654 3.188429e+15
655 3.188429e+15
656 3.202217e+15
657 3.204515e+15
658 3.204515e+15
659 3.206813e+15
660 3.209111e+15
661 3.211409e+15
662 3.213707e+15
663 3.213707e+15
664 3.213707e+15
665 3.218302e+15
666 3.218302e+15
667 3.218302e+15
668 3.220600e+15
669 3.220600e+15
670 3.222898e+15
671 3.225196e+15
672 3.227494e+15
673 3.229792e+15
674 3.229792e+15
675 3.232090e+15
676 3.234388e+15
677 3.234388e+15
678 3.236686e+15
679 3.236686e+15
680 3.238984e+15
681 3.241282e+15
682 3.243580e+15
683 3.245877e+15
684 3.250473e+15
685 3.252771e+15
686 3.257367e+15
687 3.266559e+15
688 3.266559e+15
689 3.266559e+15
690 3.271155e+15
691 3.273453e+15
692 3.273453e+15
693 3.275750e+15
694 3.280346e+15
695 3.287240e+15
696 3.291836e+15
697 3.298730e+15
698 3.303326e+15
699 3.310219e+15
700 3.310219e+15
701 3.317113e+15
702 3.317113e+15
703 3.319411e+15
704 3.319411e+15
705 3.319411e+15
706 3.326305e+15
707 3.333198e+15
708 3.335496e+15
709 3.346986e+15
710 3.346986e+15
711 3.349284e+15
712 3.349284e+15
713 3.351582e+15
714 3.353880e+15
715 3.353880e+15
716 3.353880e+15
717 3.353880e+15
718 3.360774e+15
719 3.365369e+15
720 3.369965e+15
721 3.369965e+15
722 3.369965e+15
723 3.374561e+15
724 3.374561e+15
725 3.376859e+15
726 3.376859e+15
727 3.379157e+15
728 3.383753e+15
729 3.392944e+15
730 3.392944e+15
731 3.404434e+15
732 3.404434e+15
733 3.406732e+15
734 3.409030e+15
735 3.413626e+15
736 3.418222e+15
737 3.418222e+15
738 3.422817e+15
739 3.422817e+15
740 3.422817e+15
741 3.429711e+15
742 3.436605e+15
743 3.441201e+15
744 3.441201e+15
745 3.441201e+15
746 3.448095e+15
747 3.448095e+15
748 3.450392e+15
749 3.450392e+15
750 3.452690e+15
751 3.457286e+15
752 3.461882e+15
753 3.461882e+15
754 3.468776e+15
755 3.468776e+15
756 3.477967e+15
757 3.480265e+15
758 3.484861e+15
759 3.489457e+15
760 3.491755e+15
761 3.491755e+15
762 3.491755e+15
763 3.494053e+15
764 3.496351e+15
765 3.496351e+15
766 3.507840e+15
767 3.507840e+15
768 3.514734e+15
769 3.517032e+15
770 3.519330e+15
771 3.523926e+15
772 3.533118e+15
773 3.537713e+15
774 3.540011e+15
775 3.542309e+15
776 3.542309e+15
777 3.544607e+15
778 3.546905e+15
779 3.549203e+15
780 3.549203e+15
781 3.549203e+15
782 3.551501e+15
783 3.553799e+15
784 3.553799e+15
785 3.558395e+15
786 3.562991e+15
787 3.565288e+15
788 3.565288e+15
789 3.567586e+15
790 3.569884e+15
791 3.572182e+15
792 3.574480e+15
793 3.576778e+15
794 3.579076e+15
795 3.588268e+15
796 3.595161e+15
797 3.597459e+15
798 3.597459e+15
799 3.602055e+15
800 3.602055e+15
801 3.608949e+15
802 3.608949e+15
803 3.608949e+15
804 3.608949e+15
805 3.618141e+15
806 3.618141e+15
807 3.620439e+15
808 3.620439e+15
809 3.625034e+15
810 3.625034e+15
811 3.627332e+15
812 3.627332e+15
813 3.641120e+15
814 3.645716e+15
815 3.645716e+15
816 3.645716e+15
817 3.648014e+15
818 3.648014e+15
819 3.650312e+15
820 3.652609e+15
821 3.657205e+15
822 3.659503e+15
823 3.661801e+15
824 3.668695e+15
825 3.668695e+15
826 3.670993e+15
827 3.670993e+15
828 3.673291e+15
829 3.677887e+15
830 3.680184e+15
831 3.680184e+15
832 3.682482e+15
833 3.682482e+15
834 3.682482e+15
835 3.687078e+15
836 3.693972e+15
837 3.696270e+15
838 3.714653e+15
839 3.714653e+15
840 3.719249e+15
841 3.719249e+15
842 3.726143e+15
843 3.728441e+15
844 3.733037e+15
845 3.737632e+15
846 3.737632e+15
847 3.739930e+15
848 3.753718e+15
849 3.756016e+15
850 3.765208e+15
851 3.765208e+15
852 3.765208e+15
853 3.765208e+15
854 3.769803e+15
855 3.769803e+15
856 3.772101e+15
857 3.776697e+15
858 3.781293e+15
859 3.792783e+15
860 3.795081e+15
861 3.795081e+15
862 3.797378e+15
863 3.799676e+15
864 3.799676e+15
865 3.804272e+15
866 3.806570e+15
867 3.808868e+15
868 3.811166e+15
869 3.813464e+15
870 3.818060e+15
871 3.818060e+15
872 3.820358e+15
873 3.822656e+15
874 3.824953e+15
875 3.829549e+15
876 3.834145e+15
877 3.834145e+15
878 3.834145e+15
879 3.836443e+15
880 3.836443e+15
881 3.838741e+15
882 3.847933e+15
883 3.850231e+15
884 3.852529e+15
885 3.861720e+15
886 3.861720e+15
887 3.864018e+15
888 3.864018e+15
889 3.868614e+15
890 3.868614e+15
891 3.875508e+15
892 3.880104e+15
893 3.880104e+15
894 3.886997e+15
895 3.889295e+15
896 3.891593e+15
897 3.896189e+15
898 3.907679e+15
899 3.912274e+15
900 3.921466e+15
901 3.926062e+15
902 3.928360e+15
903 3.932956e+15
904 3.939849e+15
905 3.951339e+15
906 3.955935e+15
907 3.965127e+15
908 3.974318e+15
909 3.985808e+15
910 3.990404e+15
911 3.995000e+15
912 3.997298e+15
913 3.997298e+15
914 3.997298e+15
915 4.015681e+15
916 4.017979e+15
917 4.017979e+15
918 4.027170e+15
919 4.027170e+15
920 4.031766e+15
921 4.031766e+15
922 4.043256e+15
923 4.047852e+15
924 4.047852e+15
925 4.050150e+15
926 4.052448e+15
927 4.054746e+15
928 4.063937e+15
929 4.073129e+15
930 4.086916e+15
931 4.091512e+15
932 4.096108e+15
933 4.096108e+15
934 4.098406e+15
935 4.100704e+15
936 4.107598e+15
937 4.109896e+15
938 4.109896e+15
939 4.123683e+15
940 4.128279e+15
941 4.130577e+15
942 4.142066e+15
943 4.158152e+15
944 4.158152e+15
945 4.160450e+15
946 4.165046e+15
947 4.178833e+15
948 4.183429e+15
949 4.183429e+15
950 4.188025e+15
951 4.192621e+15
952 4.197217e+15
953 4.208706e+15
954 4.208706e+15
955 4.215600e+15
956 4.215600e+15
957 4.215600e+15
958 4.220196e+15
959 4.222494e+15
960 4.222494e+15
961 4.224792e+15
962 4.229387e+15
963 4.231685e+15
964 4.236281e+15
965 4.254665e+15
966 4.254665e+15
967 4.263856e+15
968 4.270750e+15
969 4.273048e+15
970 4.279942e+15
971 4.284538e+15
972 4.293729e+15
973 4.298325e+15
974 4.307517e+15
975 4.309815e+15
976 4.312113e+15
977 4.325900e+15
978 4.358071e+15
979 4.364965e+15
980 4.367263e+15
981 4.367263e+15
982 4.369561e+15
983 4.371859e+15
984 4.371859e+15
985 4.371859e+15
986 4.385646e+15
987 4.390242e+15
988 4.408625e+15
989 4.422413e+15
990 4.438498e+15
991 4.456882e+15
992 4.468371e+15
993 4.475265e+15
994 4.477563e+15
995 4.495946e+15
996 4.541905e+15
997 4.551096e+15
998 4.553394e+15
999 4.555692e+15
1000 4.567182e+15
