# Mean mass (g): 3.05e+15
1 2.226461e+15
2 2.254229e+15
3 2.317699e+15
4 2.349434e+15
5 2.365301e+15
6 2.375218e+15
7 2.381169e+15
8 2.383152e+15
9 2.395053e+15
10 2.406953e+15
11 2.418854e+15
12 2.422821e+15
13 2.426788e+15
14 2.432738e+15
15 2.438688e+15
16 2.438688e+15
17 2.442655e+15
18 2.444638e+15
19 2.446622e+15
20 2.448605e+15
21 2.450589e+15
22 2.450589e+15
23 2.454556e+15
24 2.458522e+15
25 2.466456e+15
26 2.470423e+15
27 2.470423e+15
28 2.474390e+15
29 2.476373e+15
30 2.500175e+15
31 2.504141e+15
32 2.504141e+15
33 2.510092e+15
34 2.521992e+15
35 2.529926e+15
36 2.535876e+15
37 2.539843e+15
38 2.543810e+15
39 2.545794e+15
40 2.549760e+15
41 2.549760e+15
42 2.555711e+15
43 2.555711e+15
44 2.555711e+15
45 2.559678e+15
46 2.563644e+15
47 2.563644e+15
48 2.563644e+15
49 2.575545e+15
50 2.579512e+15
51 2.581495e+15
52 2.583479e+15
53 2.585462e+15
54 2.593396e+15
55 2.595379e+15
56 2.595379e+15
57 2.597363e+15
58 2.597363e+15
59 2.597363e+15
60 2.599346e+15
61 2.601330e+15
62 2.603313e+15
63 2.605297e+15
64 2.611247e+15
65 2.613230e+15
66 2.615214e+15
67 2.619181e+15
68 2.619181e+15
69 2.621164e+15
70 2.621164e+15
71 2.621164e+15
72 2.621164e+15
73 2.625131e+15
74 2.627114e+15
75 2.627114e+15
76 2.631081e+15
77 2.631081e+15
78 2.633065e+15
79 2.637032e+15
80 2.637032e+15
81 2.640998e+15
82 2.640998e+15
83 2.642982e+15
84 2.642982e+15
85 2.644965e+15
86 2.644965e+15
87 2.650916e+15
88 2.652899e+15
89 2.656866e+15
90 2.658849e+15
91 2.658849e+15
92 2.660833e+15
93 2.660833e+15
94 2.662816e+15
95 2.662816e+15
96 2.662816e+15
97 2.662816e+15
98 2.664800e+15
99 2.664800e+15
100 2.666783e+15
101 2.670750e+15
102 2.672733e+15
103 2.674717e+15
104 2.680667e+15
105 2.680667e+15
106 2.682651e+15
107 2.682651e+15
108 2.688601e+15
109 2.688601e+15
110 2.696535e+15
111 2.696535e+15
112 2.696535e+15
113 2.698518e+15
114 2.698518e+15
115 2.700501e+15
116 2.700501e+15
117 2.702485e+15
118 2.704468e+15
119 2.706452e+15
120 2.712402e+15
121 2.712402e+15
122 2.714385e+15
123 2.716369e+15
124 2.716369e+15
125 2.716369e+15
126 2.718352e+15
127 2.720336e+15
128 2.722319e+15
129 2.726286e+15
130 2.728270e+15
131 2.732236e+15
132 2.732236e+15
133 2.734220e+15
134 2.734220e+15
135 2.740170e+15
136 2.740170e+15
137 2.740170e+15
138 2.742154e+15
139 2.742154e+15
140 2.744137e+15
141 2.746120e+15
142 2.746120e+15
143 2.746120e+15
144 2.746120e+15
145 2.748104e+15
146 2.748104e+15
147 2.750087e+15
148 2.750087e+15
149 2.752071e+15
150 2.752071e+15
151 2.754054e+15
152 2.756038e+15
153 2.760004e+15
154 2.760004e+15
155 2.761988e+15
156 2.763971e+15
157 2.763971e+15
158 2.763971e+15
159 2.763971e+15
160 2.765955e+15
161 2.765955e+15
162 2.767938e+15
163 2.767938e+15
164 2.767938e+15
165 2.769922e+15
166 2.769922e+15
167 2.771905e+15
168 2.773889e+15
169 2.773889e+15
170 2.773889e+15
171 2.773889e+15
172 2.775872e+15
173 2.777855e+15
174 2.779839e+15
175 2.779839e+15
176 2.781822e+15
177 2.781822e+15
178 2.781822e+15
179 2.781822e+15
180 2.783806e+15
181 2.783806e+15
182 2.783806e+15
183 2.783806e+15
184 2.783806e+15
185 2.783806e+15
186 2.785789e+15
187 2.785789e+15
188 2.789756e+15
189 2.789756e+15
190 2.789756e+15
191 2.789756e+15
192 2.791739e+15
193 2.791739e+15
194 2.791739e+15
195 2.793723e+15
196 2.795706e+15
197 2.797690e+15
198 2.797690e+15
199 2.797690e+15
200 2.797690e+15
201 2.797690e+15
202 2.797690e+15
203 2.799673e+15
204 2.799673e+15
205 2.799673e+15
206 2.801657e+15
207 2.801657e+15
208 2.803640e+15
209 2.803640e+15
210 2.807607e+15
211 2.807607e+15
212 2.807607e+15
213 2.809590e+15
214 2.809590e+15
215 2.809590e+15
216 2.809590e+15
217 2.811574e+15
218 2.813557e+15
219 2.813557e+15
220 2.813557e+15
221 2.813557e+15
222 2.815541e+15
223 2.819507e+15
224 2.819507e+15
225 2.821491e+15
226 2.821491e+15
227 2.821491e+15
228 2.823474e+15
229 2.823474e+15
230 2.823474e+15
231 2.823474e+15
232 2.823474e+15
233 2.825458e+15
234 2.825458e+15
235 2.827441e+15
236 2.829425e+15
237 2.829425e+15
238 2.831408e+15
239 2.831408e+15
240 2.831408e+15
241 2.833392e+15
242 2.833392e+15
243 2.835375e+15
244 2.835375e+15
245 2.835375e+15
246 2.835375e+15
247 2.837358e+15
248 2.837358e+15
249 2.839342e+15
250 2.839342e+15
251 2.839342e+15
252 2.839342e+15
253 2.839342e+15
254 2.841325e+15
255 2.841325e+15
256 2.841325e+15
257 2.841325e+15
258 2.843309e+15
259 2.843309e+15
260 2.847276e+15
261 2.847276e+15
262 2.847276e+15
263 2.847276e+15
264 2.849259e+15
265 2.849259e+15
266 2.849259e+15
267 2.851242e+15
268 2.851242e+15
269 2.853226e+15
270 2.853226e+15
271 2.855209e+15
272 2.857193e+15
273 2.859176e+15
274 2.861160e+15
275 2.861160e+15
276 2.861160e+15
277 2.863143e+15
278 2.863143e+15
279 2.863143e+15
280 2.865126e+15
281 2.865126e+15
282 2.865126e+15
283 2.867110e+15
284 2.867110e+15
285 2.867110e+15
286 2.867110e+15
287 2.869093e+15
288 2.869093e+15
289 2.871077e+15
290 2.871077e+15
291 2.871077e+15
292 2.873060e+15
293 2.873060e+15
294 2.873060e+15
295 2.875044e+15
296 2.875044e+15
297 2.877027e+15
298 2.877027e+15
299 2.877027e+15
300 2.879011e+15
301 2.879011e+15
302 2.879011e+15
303 2.880994e+15
304 2.880994e+15
305 2.882977e+15
306 2.882977e+15
307 2.884961e+15
308 2.884961e+15
309 2.884961e+15
310 2.884961e+15
311 2.886944e+15
312 2.886944e+15
313 2.886944e+15
314 2.890911e+15
315 2.890911e+15
316 2.890911e+15
317 2.892895e+15
318 2.894878e+15
319 2.896861e+15
320 2.896861e+15
321 2.896861e+15
322 2.898845e+15
323 2.898845e+15
324 2.898845e+15
325 2.898845e+15
326 2.898845e+15
327 2.898845e+15
328 2.900828e+15
329 2.900828e+15
330 2.902812e+15
331 2.902812e+15
332 2.906779e+15
333 2.906779e+15
334 2.906779e+15
335 2.906779e+15
336 2.906779e+15
337 2.908762e+15
338 2.908762e+15
339 2.908762e+15
340 2.908762e+15
341 2.908762e+15
342 2.910745e+15
343 2.912729e+15
344 2.912729e+15
345 2.914712e+15
346 2.914712e+15
347 2.914712e+15
348 2.914712e+15
349 2.914712e+15
350 2.916696e+15
351 2.916696e+15
352 2.916696e+15
353 2.916696e+15
354 2.916696e+15
355 2.916696e+15
356 2.918679e+15
357 2.918679e+15
358 2.920663e+15
359 2.924630e+15
360 2.924630e+15
361 2.926613e+15
362 2.926613e+15
363 2.926613e+15
364 2.926613e+15
365 2.928596e+15
366 2.928596e+15
367 2.930580e+15
368 2.930580e+15
369 2.930580e+15
370 2.932563e+15
371 2.932563e+15
372 2.934547e+15
373 2.936530e+15
374 2.936530e+15
375 2.936530e+15
376 2.938514e+15
377 2.938514e+15
378 2.940497e+15
379 2.942480e+15
380 2.942480e+15
381 2.944464e+15
382 2.944464e+15
383 2.946447e+15
384 2.948431e+15
385 2.948431e+15
386 2.948431e+15
387 2.948431e+15
388 2.948431e+15
389 2.950414e+15
390 2.950414e+15
391 2.950414e+15
392 2.952398e+15
393 2.952398e+15
394 2.952398e+15
395 2.954381e+15
396 2.954381e+15
397 2.954381e+15
398 2.956364e+15
399 2.956364e+15
400 2.956364e+15
401 2.958348e+15
402 2.958348e+15
403 2.958348e+15
404 2.960331e+15
405 2.962315e+15
406 2.962315e+15
407 2.962315e+15
408 2.962315e+15
409 2.964298e+15
410 2.964298e+15
411 2.964298e+15
412 2.964298e+15
413 2.966282e+15
414 2.968265e+15
415 2.968265e+15
416 2.968265e+15
417 2.968265e+15
418 2.968265e+15
419 2.970248e+15
420 2.970248e+15
421 2.972232e+15
422 2.974215e+15
423 2.974215e+15
424 2.976199e+15
425 2.978182e+15
426 2.978182e+15
427 2.980166e+15
428 2.980166e+15
429 2.980166e+15
430 2.980166e+15
431 2.980166e+15
432 2.980166e+15
433 2.982149e+15
434 2.982149e+15
435 2.984133e+15
436 2.984133e+15
437 2.984133e+15
438 2.984133e+15
439 2.984133e+15
440 2.986116e+15
441 2.986116e+15
442 2.988099e+15
443 2.990083e+15
444 2.990083e+15
445 2.990083e+15
446 2.992066e+15
447 2.992066e+15
448 2.994050e+15
449 2.994050e+15
450 2.996033e+15
451 2.996033e+15
452 2.996033e+15
453 2.996033e+15
454 2.996033e+15
455 2.996033e+15
456 2.996033e+15
457 2.998017e+15
458 2.998017e+15
459 2.998017e+15
460 2.998017e+15
461 3.000000e+15
462 3.001983e+15
463 3.001983e+15
464 3.001983e+15
465 3.001983e+15
466 3.001983e+15
467 3.001983e+15
468 3.003967e+15
469 3.003967e+15
470 3.003967e+15
471 3.005950e+15
472 3.005950e+15
473 3.005950e+15
474 3.007934e+15
475 3.009917e+15
476 3.009917e+15
477 3.009917e+15
478 3.011901e+15
479 3.011901e+15
480 3.011901e+15
481 3.013884e+15
482 3.015867e+15
483 3.015867e+15
484 3.015867e+15
485 3.015867e+15
486 3.017851e+15
487 3.017851e+15
488 3.017851e+15
489 3.017851e+15
490 3.017851e+15
491 3.019834e+15
492 3.019834e+15
493 3.019834e+15
494 3.023801e+15
495 3.023801e+15
496 3.023801e+15
497 3.023801e+15
498 3.023801e+15
499 3.023801e+15
500 3.025785e+15
501 3.025785e+15
502 3.025785e+15
503 3.025785e+15
504 3.025785e+15
505 3.025785e+15
506 3.027768e+15
507 3.027768e+15
508 3.027768e+15
509 3.027768e+15
510 3.027768e+15
511 3.031735e+15
512 3.031735e+15
513 3.031735e+15
514 3.033718e+15
515 3.035702e+15
516 3.035702e+15
517 3.035702e+15
518 3.035702e+15
519 3.037685e+15
520 3.037685e+15
521 3.039669e+15
522 3.039669e+15
523 3.043636e+15
524 3.043636e+15
525 3.043636e+15
526 3.045619e+15
527 3.045619e+15
528 3.045619e+15
529 3.047602e+15
530 3.047602e+15
531 3.051569e+15
532 3.051569e+15
533 3.051569e+15
534 3.053553e+15
535 3.055536e+15
536 3.055536e+15
537 3.055536e+15
538 3.055536e+15
539 3.057520e+15
540 3.057520e+15
541 3.059503e+15
542 3.059503e+15
543 3.059503e+15
544 3.059503e+15
545 3.059503e+15
546 3.061486e+15
547 3.061486e+15
548 3.065453e+15
549 3.067437e+15
550 3.067437e+15
551 3.069420e+15
552 3.069420e+15
553 3.069420e+15
554 3.069420e+15
555 3.069420e+15
556 3.071404e+15
557 3.071404e+15
558 3.073387e+15
559 3.075370e+15
560 3.075370e+15
561 3.075370e+15
562 3.075370e+15
563 3.075370e+15
564 3.077354e+15
565 3.079337e+15
566 3.079337e+15
567 3.079337e+15
568 3.083304e+15
569 3.083304e+15
570 3.087271e+15
571 3.087271e+15
572 3.089255e+15
573 3.089255e+15
574 3.091238e+15
575 3.093221e+15
576 3.093221e+15
577 3.093221e+15
578 3.095205e+15
579 3.097188e+15
580 3.097188e+15
581 3.097188e+15
582 3.097188e+15
583 3.099172e+15
584 3.099172e+15
585 3.103139e+15
586 3.103139e+15
587 3.105122e+15
588 3.105122e+15
589 3.107105e+15
590 3.107105e+15
591 3.107105e+15
592 3.107105e+15
593 3.109089e+15
594 3.109089e+15
595 3.109089e+15
596 3.113056e+15
597 3.115039e+15
598 3.117023e+15
599 3.117023e+15
600 3.117023e+15
601 3.117023e+15
602 3.119006e+15
603 3.119006e+15
604 3.119006e+15
605 3.119006e+15
606 3.119006e+15
607 3.120989e+15
608 3.120989e+15
609 3.120989e+15
610 3.120989e+15
611 3.120989e+15
612 3.120989e+15
613 3.120989e+15
614 3.120989e+15
615 3.122973e+15
616 3.126940e+15
617 3.126940e+15
618 3.128923e+15
619 3.128923e+15
620 3.128923e+15
621 3.128923e+15
622 3.128923e+15
623 3.130907e+15
624 3.130907e+15
625 3.130907e+15
626 3.132890e+15
627 3.132890e+15
628 3.132890e+15
629 3.132890e+15
630 3.132890e+15
631 3.132890e+15
632 3.134874e+15
633 3.134874e+15
634 3.136857e+15
635 3.136857e+15
636 3.136857e+15
637 3.138840e+15
638 3.138840e+15
639 3.138840e+15
640 3.140824e+15
641 3.140824e+15
642 3.142807e+15
643 3.144791e+15
644 3.144791e+15
645 3.146774e+15
646 3.146774e+15
647 3.146774e+15
648 3.146774e+15
649 3.146774e+15
650 3.148758e+15
651 3.148758e+15
652 3.150741e+15
653 3.150741e+15
654 3.150741e+15
655 3.154708e+15
656 3.154708e+15
657 3.156691e+15
658 3.156691e+15
659 3.162642e+15
660 3.162642e+15
661 3.168592e+15
662 3.168592e+15
663 3.168592e+15
664 3.168592e+15
665 3.170575e+15
666 3.172559e+15
667 3.172559e+15
668 3.174542e+15
669 3.174542e+15
670 3.176526e+15
671 3.176526e+15
672 3.176526e+15
673 3.176526e+15
674 3.178509e+15
675 3.178509e+15
676 3.182476e+15
677 3.184459e+15
678 3.188426e+15
679 3.188426e+15
680 3.188426e+15
681 3.190410e+15
682 3.190410e+15
683 3.190410e+15
684 3.192393e+15
685 3.192393e+15
686 3.196360e+15
687 3.198343e+15
688 3.200327e+15
689 3.200327e+15
690 3.200327e+15
691 3.202310e+15
692 3.204294e+15
693 3.204294e+15
694 3.204294e+15
695 3.206277e+15
696 3.206277e+15
697 3.208261e+15
698 3.208261e+15
699 3.210244e+15
700 3.210244e+15
701 3.210244e+15
702 3.212227e+15
703 3.212227e+15
704 3.214211e+15
705 3.214211e+15
706 3.216194e+15
707 3.218178e+15
708 3.218178e+15
709 3.220161e+15
710 3.220161e+15
711 3.222145e+15
712 3.222145e+15
713 3.226111e+15
714 3.226111e+15
715 3.230078e+15
716 3.232062e+15
717 3.234045e+15
718 3.234045e+15
719 3.234045e+15
720 3.236029e+15
721 3.236029e+15
722 3.236029e+15
723 3.238012e+15
724 3.238012e+15
725 3.239996e+15
726 3.239996e+15
727 3.239996e+15
728 3.239996e+15
729 3.241979e+15
730 3.243962e+15
731 3.243962e+15
732 3.243962e+15
733 3.245946e+15
734 3.245946e+15
735 3.247929e+15
736 3.247929e+15
737 3.247929e+15
738 3.249913e+15
739 3.249913e+15
740 3.249913e+15
741 3.251896e+15
742 3.253880e+15
743 3.255863e+15
744 3.255863e+15
745 3.255863e+15
746 3.257846e+15
747 3.259830e+15
748 3.259830e+15
749 3.259830e+15
750 3.261813e+15
751 3.261813e+15
752 3.261813e+15
753 3.265780e+15
754 3.267764e+15
755 3.267764e+15
756 3.267764e+15
757 3.267764e+15
758 3.267764e+15
759 3.267764e+15
760 3.271730e+15
761 3.271730e+15
762 3.271730e+15
763 3.271730e+15
764 3.273714e+15
765 3.273714e+15
766 3.273714e+15
767 3.277681e+15
768 3.277681e+15
769 3.281648e+15
770 3.285615e+15
771 3.285615e+15
772 3.287598e+15
773 3.287598e+15
774 3.289581e+15
775 3.289581e+15
776 3.289581e+15
777 3.291565e+15
778 3.291565e+15
779 3.293548e+15
780 3.293548e+15
781 3.295532e+15
782 3.295532e+15
783 3.295532e+15
784 3.297515e+15
785 3.297515e+15
786 3.297515e+15
787 3.299499e+15
788 3.299499e+15
789 3.299499e+15
790 3.299499e+15
791 3.299499e+15
792 3.301482e+15
793 3.301482e+15
794 3.301482e+15
795 3.303465e+15
796 3.303465e+15
797 3.303465e+15
798 3.305449e+15
799 3.307432e+15
800 3.307432e+15
801 3.309416e+15
802 3.309416e+15
803 3.309416e+15
804 3.309416e+15
805 3.311399e+15
806 3.311399e+15
807 3.311399e+15
808 3.311399e+15
809 3.313383e+15
810 3.313383e+15
811 3.315366e+15
812 3.315366e+15
813 3.315366e+15
814 3.315366e+15
815 3.315366e+15
816 3.315366e+15
817 3.317349e+15
818 3.317349e+15
819 3.319333e+15
820 3.321316e+15
821 3.321316e+15
822 3.321316e+15
823 3.323300e+15
824 3.325283e+15
825 3.327267e+15
826 3.329250e+15
827 3.329250e+15
828 3.329250e+15
829 3.329250e+15
830 3.331233e+15
831 3.333217e+15
832 3.337184e+15
833 3.339167e+15
834 3.339167e+15
835 3.339167e+15
836 3.341151e+15
837 3.341151e+15
838 3.343134e+15
839 3.345118e+15
840 3.345118e+15
841 3.347101e+15
842 3.351068e+15
843 3.353051e+15
844 3.355035e+15
845 3.355035e+15
846 3.359002e+15
847 3.359002e+15
848 3.362968e+15
849 3.362968e+15
850 3.364952e+15
851 3.366935e+15
852 3.366935e+15
853 3.374869e+15
854 3.374869e+15
855 3.376852e+15
856 3.380819e+15
857 3.380819e+15
858 3.382803e+15
859 3.382803e+15
860 3.384786e+15
861 3.384786e+15
862 3.384786e+15
863 3.386770e+15
864 3.386770e+15
865 3.392720e+15
866 3.396687e+15
867 3.396687e+15
868 3.396687e+15
869 3.400654e+15
870 3.400654e+15
871 3.404621e+15
872 3.404621e+15
873 3.404621e+15
874 3.404621e+15
875 3.406604e+15
876 3.406604e+15
877 3.406604e+15
878 3.406604e+15
879 3.406604e+15
880 3.408587e+15
881 3.410571e+15
882 3.410571e+15
883 3.410571e+15
884 3.412554e+15
885 3.414538e+15
886 3.418505e+15
887 3.418505e+15
888 3.420488e+15
889 3.422471e+15
890 3.422471e+15
891 3.424455e+15
892 3.426438e+15
893 3.426438e+15
894 3.428422e+15
895 3.428422e+15
896 3.428422e+15
897 3.430405e+15
898 3.430405e+15
899 3.434372e+15
900 3.434372e+15
901 3.438339e+15
902 3.442306e+15
903 3.442306e+15
904 3.442306e+15
905 3.442306e+15
906 3.448256e+15
907 3.450240e+15
908 3.450240e+15
909 3.452223e+15
910 3.454206e+15
911 3.454206e+15
912 3.456190e+15
913 3.458173e+15
914 3.460157e+15
915 3.464124e+15
916 3.468090e+15
917 3.468090e+15
918 3.470074e+15
919 3.470074e+15
920 3.476024e+15
921 3.483958e+15
922 3.485941e+15
923 3.487925e+15
924 3.487925e+15
925 3.491892e+15
926 3.491892e+15
927 3.497842e+15
928 3.499825e+15
929 3.501809e+15
930 3.503792e+15
931 3.503792e+15
932 3.509743e+15
933 3.509743e+15
934 3.509743e+15
935 3.513709e+15
936 3.517676e+15
937 3.519660e+15
938 3.521643e+15
939 3.523627e+15
940 3.525610e+15
941 3.527593e+15
942 3.527593e+15
943 3.527593e+15
944 3.529577e+15
945 3.529577e+15
946 3.529577e+15
947 3.531560e+15
948 3.531560e+15
949 3.533544e+15
950 3.543461e+15
951 3.545444e+15
952 3.545444e+15
953 3.549411e+15
954 3.549411e+15
955 3.553378e+15
956 3.563295e+15
957 3.563295e+15
958 3.569246e+15
959 3.573212e+15
960 3.581146e+15
961 3.583130e+15
962 3.587096e+15
963 3.587096e+15
964 3.591063e+15
965 3.593047e+15
966 3.597014e+15
967 3.600981e+15
968 3.600981e+15
969 3.624782e+15
970 3.640649e+15
971 3.644616e+15
972 3.662467e+15
973 3.664450e+15
974 3.672384e+15
975 3.678334e+15
976 3.682301e+15
977 3.684285e+15
978 3.684285e+15
979 3.694202e+15
980 3.696185e+15
981 3.706103e+15
982 3.708086e+15
983 3.712053e+15
984 3.714036e+15
985 3.735854e+15
986 3.737837e+15
987 3.749738e+15
988 3.751722e+15
989 3.771556e+15
990 3.781473e+15
991 3.801307e+15
992 3.805274e+15
993 3.821142e+15
994 3.825109e+15
995 3.840976e+15
996 3.844943e+15
997 3.846926e+15
998 3.860810e+15
999 3.880645e+15
1000 3.959982e+15
