# E_gamma(MeV)   Spectrum
5.145440e-01 1.637308e+19
5.413360e-01 1.921854e+19
5.695230e-01 2.243262e+19
5.991770e-01 2.498411e+19
6.303750e-01 2.665800e+19
6.631980e-01 2.756950e+19
6.977300e-01 2.793545e+19
7.340600e-01 2.788686e+19
7.722810e-01 2.753280e+19
8.124930e-01 2.695740e+19
8.547980e-01 2.623813e+19
8.993070e-01 2.541028e+19
9.461320e-01 2.451295e+19
9.953960e-01 2.356246e+19
1.047230e+00 2.258881e+19
1.101750e+00 2.160591e+19
1.159120e+00 2.063369e+19
1.219470e+00 1.966691e+19
1.282970e+00 1.871462e+19
1.349770e+00 1.778945e+19
1.420050e+00 1.689299e+19
1.493990e+00 1.602509e+19
1.571780e+00 1.519069e+19
1.653620e+00 1.438147e+19
1.739730e+00 1.360878e+19
1.830310e+00 1.286825e+19
1.925610e+00 1.216139e+19
2.025880e+00 1.148440e+19
2.131360e+00 1.083846e+19
2.242340e+00 1.022455e+19
2.359100e+00 9.638540e+18
2.481930e+00 9.083273e+18
2.611160e+00 8.556269e+18
2.747120e+00 8.055136e+18
2.890160e+00 7.580808e+18
3.040650e+00 7.130706e+18
3.198970e+00 6.705801e+18
3.365530e+00 6.302853e+18
3.540770e+00 5.921513e+18
3.725140e+00 5.561934e+18
3.919100e+00 5.222192e+18
4.123160e+00 4.901165e+18
4.337850e+00 4.599103e+18
4.563720e+00 4.313729e+18
4.801340e+00 4.046740e+18
5.051340e+00 3.795322e+18
5.314360e+00 3.558569e+18
5.591070e+00 3.337335e+18
5.882190e+00 3.129776e+18
6.188470e+00 2.936310e+18
6.510690e+00 2.756199e+18
6.849700e+00 2.589021e+18
7.206350e+00 2.434442e+18
7.581580e+00 2.291904e+18
7.976340e+00 2.161723e+18
8.391660e+00 2.043593e+18
8.828600e+00 1.937200e+18
9.288290e+00 1.842689e+18
9.771920e+00 1.759637e+18
1.028070e+01 1.689065e+18
1.081600e+01 1.628257e+18
1.137920e+01 1.576986e+18
1.197170e+01 1.534809e+18
1.259510e+01 1.499010e+18
1.325090e+01 1.468415e+18
1.394080e+01 1.439756e+18
1.466670e+01 1.411099e+18
1.543040e+01 1.379825e+18
1.623380e+01 1.342489e+18
1.707910e+01 1.298458e+18
1.796840e+01 1.245846e+18
1.890400e+01 1.186328e+18
1.988830e+01 1.119704e+18
2.092380e+01 1.047035e+18
2.201330e+01 9.690947e+17
2.315950e+01 8.849187e+17
2.436540e+01 8.001386e+17
2.563410e+01 7.167343e+17
2.696880e+01 6.402600e+17
2.837300e+01 5.718071e+17
2.985040e+01 5.116201e+17
3.140470e+01 4.582218e+17
3.303990e+01 4.092104e+17
3.476020e+01 3.641446e+17
3.657010e+01 3.221868e+17
3.847430e+01 2.827361e+17
4.047760e+01 2.463618e+17
4.258520e+01 2.122279e+17
4.480250e+01 1.804966e+17
4.713530e+01 1.522407e+17
4.958960e+01 1.270469e+17
5.217170e+01 1.057586e+17
5.488820e+01 8.787665e+16
5.774620e+01 7.324532e+16
6.075290e+01 6.140255e+16
6.391620e+01 5.156448e+16
6.724430e+01 4.373585e+16
7.074560e+01 3.737563e+16
7.442920e+01 3.217999e+16
7.830470e+01 2.786480e+16
8.238190e+01 2.399068e+16
8.667140e+01 2.042674e+16
9.118430e+01 1.717312e+16
9.593210e+01 1.420969e+16
1.009270e+02 1.167027e+16
1.061820e+02 9.496400e+15
1.117110e+02 7.739695e+15
1.175280e+02 6.357060e+15
1.236470e+02 5.296376e+15
1.300850e+02 4.493184e+15
1.368590e+02 3.858817e+15
1.439850e+02 3.338179e+15
1.514820e+02 2.873972e+15
1.593690e+02 2.438724e+15
1.676680e+02 2.020184e+15
1.763980e+02 1.621827e+15
1.855830e+02 1.251140e+15
1.952460e+02 9.315549e+14
2.054120e+02 6.663616e+14
2.161070e+02 4.648769e+14
2.273600e+02 3.167703e+14
2.391980e+02 2.108486e+14
2.516530e+02 1.396271e+14
2.647560e+02 9.061270e+13
2.785410e+02 5.876993e+13
2.930450e+02 3.853800e+13
3.083030e+02 2.472315e+13
3.243560e+02 1.530217e+13
3.412450e+02 8.855624e+12
3.590130e+02 4.739288e+12
3.777060e+02 2.480425e+12
3.973730e+02 1.229144e+12
4.180640e+02 6.219231e+11
4.398320e+02 3.165850e+11
4.627330e+02 1.498125e+11
4.868270e+02 6.550085e+10
5.121760e+02 2.624978e+10
5.388440e+02 1.005034e+10
5.669010e+02 4.096079e+09
5.964180e+02 1.506470e+09
6.274730e+02 4.952131e+08
6.601450e+02 1.568121e+08
6.945180e+02 4.629226e+07
7.306800e+02 1.392164e+07
7.687260e+02 3.513376e+06
8.087520e+02 7.957164e+05
8.508630e+02 1.993214e+05
8.951660e+02 3.864804e+04
9.417770e+02 7.324864e+03
9.908140e+02 1.359986e+03
1.042400e+03 1.801693e+02
1.096680e+03 2.981898e+01
1.153780e+03 3.729144e+00
1.213860e+03 3.396706e-01
1.277060e+03 4.131403e-02
1.343560e+03 3.209389e-03
1.413520e+03 2.709804e-04
1.487120e+03 1.942581e-05
1.564550e+03 8.853437e-07
1.646010e+03 6.133413e-08
1.731720e+03 2.614277e-09
1.821890e+03 1.061870e-10
1.916750e+03 3.185692e-12
2.016550e+03 8.488764e-14
2.121550e+03 2.173243e-15
2.232020e+03 4.158038e-17
2.348230e+03 5.709755e-19
2.470500e+03 7.495870e-21
2.599140e+03 7.930543e-23
2.734470e+03 5.368982e-25
2.876850e+03 3.530875e-27
3.026650e+03 1.629155e-29
3.184240e+03 5.187271e-32
3.350040e+03 1.538826e-34
3.524470e+03 2.539034e-37
3.707990e+03 3.986623e-40
3.901060e+03 3.362395e-43
4.104180e+03 2.642188e-46
4.317880e+03 1.053015e-49
4.542710e+03 3.712056e-53
4.779240e+03 7.208507e-57
5.028090e+03 8.856484e-61
5.289890e+03 9.306393e-65
5.565330e+03 4.224527e-69
5.855110e+03 1.117252e-73
6.159980e+03 1.978302e-78
6.480720e+03 2.111472e-83
6.818160e+03 2.628176e-88
7.173170e+03 2.007280e-93
7.546670e+03 2.960004e-99
7.939620e+03 3.838275e-106
8.353020e+03 3.101613e-111
8.787950e+03 1.268612e-117
9.245530e+03 5.276476e-125
9.726930e+03 1.072370e-131
1.023340e+04 1.855026e-139
1.076620e+04 4.886478e-146
1.132680e+04 1.247777e-154
1.191660e+04 4.701384e-168
1.253710e+04 7.181793e-178
1.318990e+04 4.161895e-188
1.387660e+04 2.903285e-192
1.459920e+04 7.243070e-207
1.535930e+04 2.701299e-214
1.615910e+04 6.355592e-229
1.700050e+04 2.689024e-247
1.788570e+04 2.191081e-260
1.881690e+04 1.537579e-264
1.979670e+04 8.472758e-279
2.082750e+04 9.069248e-294
2.191200e+04 0.000000e+00
2.305290e+04 0.000000e+00
2.425320e+04 0.000000e+00
2.551610e+04 0.000000e+00
2.684460e+04 0.000000e+00
2.824240e+04 0.000000e+00
2.971300e+04 0.000000e+00
3.126010e+04 0.000000e+00
3.288770e+04 0.000000e+00
3.460020e+04 0.000000e+00
3.640170e+04 0.000000e+00
3.829710e+04 0.000000e+00
4.029120e+04 0.000000e+00
4.238910e+04 0.000000e+00
4.459630e+04 0.000000e+00
4.691830e+04 0.000000e+00
4.936130e+04 0.000000e+00
5.193150e+04 0.000000e+00
5.463550e+04 0.000000e+00
5.748030e+04 0.000000e+00
6.047320e+04 0.000000e+00
6.362200e+04 0.000000e+00
6.693470e+04 0.000000e+00
7.041990e+04 0.000000e+00
7.408660e+04 0.000000e+00
7.794420e+04 0.000000e+00
8.200260e+04 0.000000e+00
8.627240e+04 0.000000e+00
9.076450e+04 0.000000e+00
9.549040e+04 0.000000e+00
1.004630e+05 0.000000e+00
1.056930e+05 0.000000e+00
1.111970e+05 0.000000e+00
1.169870e+05 0.000000e+00
1.230780e+05 0.000000e+00
1.294860e+05 0.000000e+00
1.362290e+05 0.000000e+00
1.433220e+05 0.000000e+00
1.507850e+05 0.000000e+00
1.586360e+05 0.000000e+00
1.668960e+05 0.000000e+00
1.755860e+05 0.000000e+00
1.847280e+05 0.000000e+00
1.943470e+05 0.000000e+00
2.044660e+05 0.000000e+00
2.151120e+05 0.000000e+00
2.263130e+05 0.000000e+00
2.380970e+05 0.000000e+00
2.504940e+05 0.000000e+00
2.635370e+05 0.000000e+00
2.772590e+05 0.000000e+00
2.916960e+05 0.000000e+00
3.068840e+05 0.000000e+00
3.228630e+05 0.000000e+00
3.396740e+05 0.000000e+00
3.573600e+05 0.000000e+00
3.759670e+05 0.000000e+00
3.955440e+05 0.000000e+00
4.161390e+05 0.000000e+00
4.378070e+05 0.000000e+00
4.606030e+05 0.000000e+00
4.845860e+05 0.000000e+00
5.098180e+05 0.000000e+00
5.363630e+05 0.000000e+00
5.642910e+05 0.000000e+00
5.936730e+05 0.000000e+00
6.245840e+05 0.000000e+00
6.571060e+05 0.000000e+00
6.913200e+05 0.000000e+00
7.273170e+05 0.000000e+00
7.651870e+05 0.000000e+00
8.050290e+05 0.000000e+00
8.469460e+05 0.000000e+00
8.910450e+05 0.000000e+00
9.374410e+05 0.000000e+00
9.862520e+05 0.000000e+00
1.037610e+06 0.000000e+00
1.091630e+06 0.000000e+00
1.148470e+06 0.000000e+00
1.208270e+06 0.000000e+00
1.271180e+06 0.000000e+00
1.337370e+06 0.000000e+00
1.407010e+06 0.000000e+00
1.480270e+06 0.000000e+00
1.557340e+06 0.000000e+00
1.638430e+06 0.000000e+00
1.723740e+06 0.000000e+00
1.813500e+06 0.000000e+00
1.907920e+06 0.000000e+00
2.007270e+06 0.000000e+00
2.111780e+06 0.000000e+00
2.221740e+06 0.000000e+00
2.337420e+06 0.000000e+00
2.459130e+06 0.000000e+00
2.587170e+06 0.000000e+00
2.721880e+06 0.000000e+00
2.863610e+06 0.000000e+00
3.012710e+06 0.000000e+00
3.169580e+06 0.000000e+00
3.334620e+06 0.000000e+00
3.508250e+06 0.000000e+00
3.690920e+06 0.000000e+00
3.883100e+06 0.000000e+00
4.085290e+06 0.000000e+00
4.298000e+06 0.000000e+00
4.521790e+06 0.000000e+00
4.757240e+06 0.000000e+00
5.004940e+06 0.000000e+00
5.265540e+06 0.000000e+00
5.539710e+06 0.000000e+00
5.828150e+06 0.000000e+00
6.131620e+06 0.000000e+00
6.450880e+06 0.000000e+00
6.786770e+06 0.000000e+00
7.140150e+06 0.000000e+00
7.511930e+06 0.000000e+00
7.903070e+06 0.000000e+00
8.314570e+06 0.000000e+00
8.747500e+06 0.000000e+00
9.202970e+06 0.000000e+00
9.682150e+06 0.000000e+00
1.018630e+07 0.000000e+00
1.071670e+07 0.000000e+00
1.127470e+07 0.000000e+00
1.186170e+07 0.000000e+00
1.247940e+07 0.000000e+00
1.312910e+07 0.000000e+00
1.381280e+07 0.000000e+00
1.453200e+07 0.000000e+00
1.528860e+07 0.000000e+00
1.608470e+07 0.000000e+00
1.692220e+07 0.000000e+00
1.780330e+07 0.000000e+00
1.873030e+07 0.000000e+00
1.970560e+07 0.000000e+00
2.073160e+07 0.000000e+00
2.181110e+07 0.000000e+00
2.294680e+07 0.000000e+00
2.414160e+07 0.000000e+00
2.539860e+07 0.000000e+00
2.672110e+07 0.000000e+00
2.811240e+07 0.000000e+00
2.957620e+07 0.000000e+00
3.111620e+07 0.000000e+00
3.273630e+07 0.000000e+00
3.444090e+07 0.000000e+00
3.623420e+07 0.000000e+00
3.812080e+07 0.000000e+00
4.010570e+07 0.000000e+00
4.219400e+07 0.000000e+00
4.439100e+07 0.000000e+00
4.670230e+07 0.000000e+00
4.913410e+07 0.000000e+00
5.169240e+07 0.000000e+00
5.438400e+07 0.000000e+00
5.721570e+07 0.000000e+00
6.019480e+07 0.000000e+00
6.332910e+07 0.000000e+00
6.662650e+07 0.000000e+00
7.009570e+07 0.000000e+00
7.374550e+07 0.000000e+00
7.758530e+07 0.000000e+00
8.162510e+07 0.000000e+00
8.587520e+07 0.000000e+00
9.034660e+07 0.000000e+00
9.505080e+07 0.000000e+00
1.000000e+08 0.000000e+00
