# Mean mass (g): 2.97e+15
1 4.035121e+14
2 4.898403e+14
3 6.957000e+14
4 7.089813e+14
5 7.123016e+14
6 7.654266e+14
7 7.687470e+14
8 7.720673e+14
9 7.753876e+14
10 8.484346e+14
11 8.517549e+14
12 8.816377e+14
13 9.945285e+14
14 1.037693e+15
15 1.041013e+15
16 1.064255e+15
17 1.094138e+15
18 1.104099e+15
19 1.114060e+15
20 1.117380e+15
21 1.117380e+15
22 1.117380e+15
23 1.124021e+15
24 1.143943e+15
25 1.147263e+15
26 1.150583e+15
27 1.157224e+15
28 1.157224e+15
29 1.183787e+15
30 1.213669e+15
31 1.226951e+15
32 1.230271e+15
33 1.250193e+15
34 1.260154e+15
35 1.273435e+15
36 1.276755e+15
37 1.296677e+15
38 1.323240e+15
39 1.336521e+15
40 1.339841e+15
41 1.359763e+15
42 1.363084e+15
43 1.363084e+15
44 1.376365e+15
45 1.376365e+15
46 1.392967e+15
47 1.392967e+15
48 1.412888e+15
49 1.419529e+15
50 1.419529e+15
51 1.422849e+15
52 1.426170e+15
53 1.432810e+15
54 1.432810e+15
55 1.442771e+15
56 1.446092e+15
57 1.446092e+15
58 1.449412e+15
59 1.449412e+15
60 1.452732e+15
61 1.462693e+15
62 1.466014e+15
63 1.469334e+15
64 1.479295e+15
65 1.482615e+15
66 1.489256e+15
67 1.489256e+15
68 1.489256e+15
69 1.492576e+15
70 1.499217e+15
71 1.499217e+15
72 1.505857e+15
73 1.525779e+15
74 1.529100e+15
75 1.535740e+15
76 1.539061e+15
77 1.542381e+15
78 1.545701e+15
79 1.562303e+15
80 1.568943e+15
81 1.575584e+15
82 1.575584e+15
83 1.598826e+15
84 1.618748e+15
85 1.618748e+15
86 1.628709e+15
87 1.648631e+15
88 1.655272e+15
89 1.658592e+15
90 1.668553e+15
91 1.668553e+15
92 1.668553e+15
93 1.675194e+15
94 1.678514e+15
95 1.685154e+15
96 1.688475e+15
97 1.691795e+15
98 1.691795e+15
99 1.698436e+15
100 1.698436e+15
101 1.698436e+15
102 1.701756e+15
103 1.705076e+15
104 1.708397e+15
105 1.711717e+15
106 1.724998e+15
107 1.724998e+15
108 1.728319e+15
109 1.728319e+15
110 1.738280e+15
111 1.738280e+15
112 1.741600e+15
113 1.744920e+15
114 1.748240e+15
115 1.748240e+15
116 1.748240e+15
117 1.761522e+15
118 1.764842e+15
119 1.768162e+15
120 1.768162e+15
121 1.768162e+15
122 1.778123e+15
123 1.781444e+15
124 1.781444e+15
125 1.784764e+15
126 1.784764e+15
127 1.788084e+15
128 1.794725e+15
129 1.827928e+15
130 1.834569e+15
131 1.834569e+15
132 1.844530e+15
133 1.851170e+15
134 1.871092e+15
135 1.877733e+15
136 1.881053e+15
137 1.891014e+15
138 1.894334e+15
139 1.897655e+15
140 1.900975e+15
141 1.900975e+15
142 1.904295e+15
143 1.907616e+15
144 1.907616e+15
145 1.910936e+15
146 1.917577e+15
147 1.917577e+15
148 1.927538e+15
149 1.927538e+15
150 1.934178e+15
151 1.934178e+15
152 1.934178e+15
153 1.934178e+15
154 1.944139e+15
155 1.947460e+15
156 1.950780e+15
157 1.950780e+15
158 1.954100e+15
159 1.967381e+15
160 1.970702e+15
161 1.970702e+15
162 1.970702e+15
163 1.974022e+15
164 1.980663e+15
165 1.990624e+15
166 1.993944e+15
167 2.017186e+15
168 2.020506e+15
169 2.023827e+15
170 2.027147e+15
171 2.033788e+15
172 2.033788e+15
173 2.033788e+15
174 2.033788e+15
175 2.040428e+15
176 2.040428e+15
177 2.043749e+15
178 2.047069e+15
179 2.047069e+15
180 2.047069e+15
181 2.047069e+15
182 2.050389e+15
183 2.050389e+15
184 2.050389e+15
185 2.050389e+15
186 2.053710e+15
187 2.060350e+15
188 2.063671e+15
189 2.066991e+15
190 2.066991e+15
191 2.070311e+15
192 2.076952e+15
193 2.076952e+15
194 2.083593e+15
195 2.086913e+15
196 2.090233e+15
197 2.090233e+15
198 2.096874e+15
199 2.113475e+15
200 2.116796e+15
201 2.116796e+15
202 2.120116e+15
203 2.126757e+15
204 2.130077e+15
205 2.130077e+15
206 2.130077e+15
207 2.133397e+15
208 2.136718e+15
209 2.136718e+15
210 2.136718e+15
211 2.143358e+15
212 2.143358e+15
213 2.143358e+15
214 2.146679e+15
215 2.146679e+15
216 2.153319e+15
217 2.153319e+15
218 2.159960e+15
219 2.163280e+15
220 2.163280e+15
221 2.169921e+15
222 2.173241e+15
223 2.179882e+15
224 2.179882e+15
225 2.196483e+15
226 2.199804e+15
227 2.206444e+15
228 2.206444e+15
229 2.209765e+15
230 2.209765e+15
231 2.213085e+15
232 2.216405e+15
233 2.216405e+15
234 2.223046e+15
235 2.226366e+15
236 2.226366e+15
237 2.229686e+15
238 2.239647e+15
239 2.242968e+15
240 2.242968e+15
241 2.249608e+15
242 2.252929e+15
243 2.266210e+15
244 2.269530e+15
245 2.269530e+15
246 2.272851e+15
247 2.276171e+15
248 2.276171e+15
249 2.279491e+15
250 2.279491e+15
251 2.282812e+15
252 2.289452e+15
253 2.296093e+15
254 2.299413e+15
255 2.306054e+15
256 2.312694e+15
257 2.312694e+15
258 2.312694e+15
259 2.316015e+15
260 2.319335e+15
261 2.322655e+15
262 2.329296e+15
263 2.332616e+15
264 2.339257e+15
265 2.339257e+15
266 2.355858e+15
267 2.359179e+15
268 2.362499e+15
269 2.365819e+15
270 2.372460e+15
271 2.375780e+15
272 2.375780e+15
273 2.385741e+15
274 2.392382e+15
275 2.395702e+15
276 2.399023e+15
277 2.405663e+15
278 2.405663e+15
279 2.408984e+15
280 2.408984e+15
281 2.408984e+15
282 2.408984e+15
283 2.408984e+15
284 2.415624e+15
285 2.418945e+15
286 2.418945e+15
287 2.422265e+15
288 2.422265e+15
289 2.425585e+15
290 2.425585e+15
291 2.428905e+15
292 2.432226e+15
293 2.432226e+15
294 2.432226e+15
295 2.435546e+15
296 2.435546e+15
297 2.435546e+15
298 2.438866e+15
299 2.438866e+15
300 2.442187e+15
301 2.448827e+15
302 2.452148e+15
303 2.452148e+15
304 2.455468e+15
305 2.462109e+15
306 2.468749e+15
307 2.468749e+15
308 2.468749e+15
309 2.468749e+15
310 2.472070e+15
311 2.472070e+15
312 2.472070e+15
313 2.475390e+15
314 2.478710e+15
315 2.482031e+15
316 2.482031e+15
317 2.485351e+15
318 2.491991e+15
319 2.498632e+15
320 2.498632e+15
321 2.508593e+15
322 2.518554e+15
323 2.528515e+15
324 2.531835e+15
325 2.531835e+15
326 2.531835e+15
327 2.531835e+15
328 2.535156e+15
329 2.541796e+15
330 2.541796e+15
331 2.545117e+15
332 2.548437e+15
333 2.548437e+15
334 2.548437e+15
335 2.551757e+15
336 2.555078e+15
337 2.558398e+15
338 2.558398e+15
339 2.558398e+15
340 2.561718e+15
341 2.565038e+15
342 2.565038e+15
343 2.571679e+15
344 2.574999e+15
345 2.574999e+15
346 2.578320e+15
347 2.581640e+15
348 2.584960e+15
349 2.588281e+15
350 2.591601e+15
351 2.594921e+15
352 2.598242e+15
353 2.601562e+15
354 2.601562e+15
355 2.604882e+15
356 2.608203e+15
357 2.614843e+15
358 2.618164e+15
359 2.621484e+15
360 2.624804e+15
361 2.624804e+15
362 2.624804e+15
363 2.628124e+15
364 2.628124e+15
365 2.638085e+15
366 2.641406e+15
367 2.641406e+15
368 2.644726e+15
369 2.644726e+15
370 2.651367e+15
371 2.651367e+15
372 2.654687e+15
373 2.658007e+15
374 2.661328e+15
375 2.667968e+15
376 2.667968e+15
377 2.671289e+15
378 2.671289e+15
379 2.674609e+15
380 2.677929e+15
381 2.681250e+15
382 2.681250e+15
383 2.681250e+15
384 2.684570e+15
385 2.684570e+15
386 2.684570e+15
387 2.684570e+15
388 2.684570e+15
389 2.684570e+15
390 2.687890e+15
391 2.687890e+15
392 2.687890e+15
393 2.691211e+15
394 2.694531e+15
395 2.694531e+15
396 2.697851e+15
397 2.697851e+15
398 2.711132e+15
399 2.721093e+15
400 2.721093e+15
401 2.721093e+15
402 2.727734e+15
403 2.731054e+15
404 2.731054e+15
405 2.731054e+15
406 2.734375e+15
407 2.734375e+15
408 2.744336e+15
409 2.747656e+15
410 2.747656e+15
411 2.747656e+15
412 2.750976e+15
413 2.754297e+15
414 2.757617e+15
415 2.767578e+15
416 2.770898e+15
417 2.774218e+15
418 2.784179e+15
419 2.784179e+15
420 2.787500e+15
421 2.794140e+15
422 2.794140e+15
423 2.800781e+15
424 2.807422e+15
425 2.810742e+15
426 2.814062e+15
427 2.817383e+15
428 2.824023e+15
429 2.824023e+15
430 2.824023e+15
431 2.824023e+15
432 2.827344e+15
433 2.827344e+15
434 2.830664e+15
435 2.833984e+15
436 2.833984e+15
437 2.837304e+15
438 2.840625e+15
439 2.843945e+15
440 2.850586e+15
441 2.857226e+15
442 2.863867e+15
443 2.863867e+15
444 2.867187e+15
445 2.870508e+15
446 2.870508e+15
447 2.873828e+15
448 2.877148e+15
449 2.880469e+15
450 2.883789e+15
451 2.887109e+15
452 2.890430e+15
453 2.893750e+15
454 2.893750e+15
455 2.897070e+15
456 2.897070e+15
457 2.903711e+15
458 2.903711e+15
459 2.903711e+15
460 2.907031e+15
461 2.910351e+15
462 2.910351e+15
463 2.910351e+15
464 2.913672e+15
465 2.916992e+15
466 2.920312e+15
467 2.920312e+15
468 2.920312e+15
469 2.926953e+15
470 2.926953e+15
471 2.926953e+15
472 2.930273e+15
473 2.933594e+15
474 2.940234e+15
475 2.943555e+15
476 2.946875e+15
477 2.946875e+15
478 2.953516e+15
479 2.956836e+15
480 2.956836e+15
481 2.960156e+15
482 2.960156e+15
483 2.960156e+15
484 2.960156e+15
485 2.963477e+15
486 2.966797e+15
487 2.973437e+15
488 2.973437e+15
489 2.973437e+15
490 2.976758e+15
491 2.976758e+15
492 2.980078e+15
493 2.983398e+15
494 2.986719e+15
495 2.990039e+15
496 2.993359e+15
497 2.993359e+15
498 2.996680e+15
499 2.996680e+15
500 3.000000e+15
501 3.000000e+15
502 3.003320e+15
503 3.006641e+15
504 3.009961e+15
505 3.013281e+15
506 3.013281e+15
507 3.016602e+15
508 3.019922e+15
509 3.023242e+15
510 3.026563e+15
511 3.026563e+15
512 3.033203e+15
513 3.033203e+15
514 3.033203e+15
515 3.039844e+15
516 3.043164e+15
517 3.046484e+15
518 3.053125e+15
519 3.053125e+15
520 3.056445e+15
521 3.059766e+15
522 3.059766e+15
523 3.059766e+15
524 3.063086e+15
525 3.069727e+15
526 3.069727e+15
527 3.073047e+15
528 3.073047e+15
529 3.076367e+15
530 3.076367e+15
531 3.083008e+15
532 3.086328e+15
533 3.086328e+15
534 3.089649e+15
535 3.089649e+15
536 3.092969e+15
537 3.092969e+15
538 3.096289e+15
539 3.096289e+15
540 3.106250e+15
541 3.109570e+15
542 3.109570e+15
543 3.109570e+15
544 3.112891e+15
545 3.116211e+15
546 3.119531e+15
547 3.119531e+15
548 3.122852e+15
549 3.126172e+15
550 3.129492e+15
551 3.129492e+15
552 3.132813e+15
553 3.132813e+15
554 3.136133e+15
555 3.139453e+15
556 3.149414e+15
557 3.152735e+15
558 3.152735e+15
559 3.156055e+15
560 3.159375e+15
561 3.159375e+15
562 3.162696e+15
563 3.162696e+15
564 3.162696e+15
565 3.166016e+15
566 3.166016e+15
567 3.166016e+15
568 3.169336e+15
569 3.169336e+15
570 3.172656e+15
571 3.179297e+15
572 3.179297e+15
573 3.185938e+15
574 3.192578e+15
575 3.192578e+15
576 3.195899e+15
577 3.195899e+15
578 3.199219e+15
579 3.199219e+15
580 3.199219e+15
581 3.199219e+15
582 3.202539e+15
583 3.205860e+15
584 3.205860e+15
585 3.205860e+15
586 3.205860e+15
587 3.212500e+15
588 3.215821e+15
589 3.215821e+15
590 3.219141e+15
591 3.222461e+15
592 3.222461e+15
593 3.225782e+15
594 3.225782e+15
595 3.225782e+15
596 3.229102e+15
597 3.232422e+15
598 3.232422e+15
599 3.235743e+15
600 3.239063e+15
601 3.242383e+15
602 3.245703e+15
603 3.245703e+15
604 3.252344e+15
605 3.258985e+15
606 3.258985e+15
607 3.258985e+15
608 3.262305e+15
609 3.262305e+15
610 3.268946e+15
611 3.272266e+15
612 3.275586e+15
613 3.278907e+15
614 3.278907e+15
615 3.278907e+15
616 3.278907e+15
617 3.282227e+15
618 3.282227e+15
619 3.285547e+15
620 3.285547e+15
621 3.285547e+15
622 3.292188e+15
623 3.295508e+15
624 3.298829e+15
625 3.298829e+15
626 3.305469e+15
627 3.308789e+15
628 3.308789e+15
629 3.308789e+15
630 3.318750e+15
631 3.322071e+15
632 3.325391e+15
633 3.325391e+15
634 3.325391e+15
635 3.332032e+15
636 3.335352e+15
637 3.338672e+15
638 3.341993e+15
639 3.341993e+15
640 3.345313e+15
641 3.345313e+15
642 3.351954e+15
643 3.355274e+15
644 3.358594e+15
645 3.361915e+15
646 3.365235e+15
647 3.365235e+15
648 3.365235e+15
649 3.368555e+15
650 3.368555e+15
651 3.371876e+15
652 3.371876e+15
653 3.375196e+15
654 3.378516e+15
655 3.381836e+15
656 3.381836e+15
657 3.385157e+15
658 3.385157e+15
659 3.385157e+15
660 3.388477e+15
661 3.388477e+15
662 3.391797e+15
663 3.391797e+15
664 3.398438e+15
665 3.401758e+15
666 3.408399e+15
667 3.408399e+15
668 3.411719e+15
669 3.411719e+15
670 3.411719e+15
671 3.415040e+15
672 3.418360e+15
673 3.421680e+15
674 3.425001e+15
675 3.431641e+15
676 3.431641e+15
677 3.434962e+15
678 3.441602e+15
679 3.441602e+15
680 3.444922e+15
681 3.444922e+15
682 3.448243e+15
683 3.448243e+15
684 3.454883e+15
685 3.454883e+15
686 3.454883e+15
687 3.461524e+15
688 3.464844e+15
689 3.464844e+15
690 3.471485e+15
691 3.474805e+15
692 3.478126e+15
693 3.478126e+15
694 3.478126e+15
695 3.481446e+15
696 3.488087e+15
697 3.488087e+15
698 3.488087e+15
699 3.488087e+15
700 3.491407e+15
701 3.491407e+15
702 3.494727e+15
703 3.498048e+15
704 3.498048e+15
705 3.498048e+15
706 3.498048e+15
707 3.501368e+15
708 3.501368e+15
709 3.504688e+15
710 3.504688e+15
711 3.508009e+15
712 3.511329e+15
713 3.511329e+15
714 3.517969e+15
715 3.521290e+15
716 3.521290e+15
717 3.521290e+15
718 3.527930e+15
719 3.531251e+15
720 3.534571e+15
721 3.537891e+15
722 3.541212e+15
723 3.541212e+15
724 3.544532e+15
725 3.544532e+15
726 3.544532e+15
727 3.547852e+15
728 3.551173e+15
729 3.551173e+15
730 3.551173e+15
731 3.551173e+15
732 3.551173e+15
733 3.554493e+15
734 3.557813e+15
735 3.557813e+15
736 3.557813e+15
737 3.557813e+15
738 3.561134e+15
739 3.564454e+15
740 3.564454e+15
741 3.564454e+15
742 3.567774e+15
743 3.571095e+15
744 3.574415e+15
745 3.577735e+15
746 3.581055e+15
747 3.581055e+15
748 3.581055e+15
749 3.584376e+15
750 3.587696e+15
751 3.594337e+15
752 3.594337e+15
753 3.614259e+15
754 3.617579e+15
755 3.620899e+15
756 3.620899e+15
757 3.620899e+15
758 3.624220e+15
759 3.624220e+15
760 3.624220e+15
761 3.627540e+15
762 3.634181e+15
763 3.637501e+15
764 3.644142e+15
765 3.644142e+15
766 3.647462e+15
767 3.664063e+15
768 3.667384e+15
769 3.670704e+15
770 3.670704e+15
771 3.674024e+15
772 3.683985e+15
773 3.683985e+15
774 3.687306e+15
775 3.687306e+15
776 3.690626e+15
777 3.690626e+15
778 3.690626e+15
779 3.693946e+15
780 3.693946e+15
781 3.693946e+15
782 3.697267e+15
783 3.700587e+15
784 3.703907e+15
785 3.703907e+15
786 3.703907e+15
787 3.707228e+15
788 3.710548e+15
789 3.713868e+15
790 3.717188e+15
791 3.720509e+15
792 3.723829e+15
793 3.727149e+15
794 3.733790e+15
795 3.733790e+15
796 3.740431e+15
797 3.747071e+15
798 3.753712e+15
799 3.753712e+15
800 3.757032e+15
801 3.766993e+15
802 3.766993e+15
803 3.773634e+15
804 3.773634e+15
805 3.783595e+15
806 3.786915e+15
807 3.786915e+15
808 3.786915e+15
809 3.796876e+15
810 3.800196e+15
811 3.800196e+15
812 3.810157e+15
813 3.823439e+15
814 3.826759e+15
815 3.826759e+15
816 3.833400e+15
817 3.840040e+15
818 3.843361e+15
819 3.846681e+15
820 3.850001e+15
821 3.850001e+15
822 3.850001e+15
823 3.856642e+15
824 3.859962e+15
825 3.863282e+15
826 3.866603e+15
827 3.869923e+15
828 3.873243e+15
829 3.876564e+15
830 3.876564e+15
831 3.879884e+15
832 3.886525e+15
833 3.889845e+15
834 3.893165e+15
835 3.893165e+15
836 3.919728e+15
837 3.919728e+15
838 3.923048e+15
839 3.929689e+15
840 3.933009e+15
841 3.942970e+15
842 3.946290e+15
843 3.949611e+15
844 3.956251e+15
845 3.956251e+15
846 3.962892e+15
847 3.966212e+15
848 3.966212e+15
849 3.969533e+15
850 3.976173e+15
851 4.009376e+15
852 4.012697e+15
853 4.016017e+15
854 4.016017e+15
855 4.022658e+15
856 4.032619e+15
857 4.035939e+15
858 4.039259e+15
859 4.039259e+15
860 4.045900e+15
861 4.062501e+15
862 4.065822e+15
863 4.079103e+15
864 4.082423e+15
865 4.089064e+15
866 4.089064e+15
867 4.089064e+15
868 4.089064e+15
869 4.092384e+15
870 4.105666e+15
871 4.108986e+15
872 4.108986e+15
873 4.115627e+15
874 4.115627e+15
875 4.122267e+15
876 4.128908e+15
877 4.135548e+15
878 4.135548e+15
879 4.138869e+15
880 4.138869e+15
881 4.148830e+15
882 4.155470e+15
883 4.158791e+15
884 4.158791e+15
885 4.162111e+15
886 4.175392e+15
887 4.175392e+15
888 4.185353e+15
889 4.185353e+15
890 4.188673e+15
891 4.205275e+15
892 4.208595e+15
893 4.211916e+15
894 4.215236e+15
895 4.221877e+15
896 4.228517e+15
897 4.235158e+15
898 4.238478e+15
899 4.245119e+15
900 4.245119e+15
901 4.245119e+15
902 4.248439e+15
903 4.255080e+15
904 4.261720e+15
905 4.268361e+15
906 4.271681e+15
907 4.291603e+15
908 4.298244e+15
909 4.301564e+15
910 4.311525e+15
911 4.314846e+15
912 4.314846e+15
913 4.318166e+15
914 4.324806e+15
915 4.331447e+15
916 4.338088e+15
917 4.341408e+15
918 4.351369e+15
919 4.354689e+15
920 4.358010e+15
921 4.358010e+15
922 4.361330e+15
923 4.367971e+15
924 4.374611e+15
925 4.377932e+15
926 4.384572e+15
927 4.391213e+15
928 4.397853e+15
929 4.404494e+15
930 4.407814e+15
931 4.414455e+15
932 4.417775e+15
933 4.427736e+15
934 4.427736e+15
935 4.444338e+15
936 4.450979e+15
937 4.464260e+15
938 4.464260e+15
939 4.467580e+15
940 4.467580e+15
941 4.470900e+15
942 4.484182e+15
943 4.484182e+15
944 4.500783e+15
945 4.517385e+15
946 4.517385e+15
947 4.520705e+15
948 4.540627e+15
949 4.543947e+15
950 4.550588e+15
951 4.557229e+15
952 4.563869e+15
953 4.570510e+15
954 4.570510e+15
955 4.573830e+15
956 4.573830e+15
957 4.577151e+15
958 4.590432e+15
959 4.610354e+15
960 4.623635e+15
961 4.626955e+15
962 4.636916e+15
963 4.650198e+15
964 4.670119e+15
965 4.680080e+15
966 4.680080e+15
967 4.696682e+15
968 4.696682e+15
969 4.700002e+15
970 4.706643e+15
971 4.746487e+15
972 4.753127e+15
973 4.756448e+15
974 4.769729e+15
975 4.776370e+15
976 4.809573e+15
977 4.812893e+15
978 4.819534e+15
979 4.832815e+15
980 4.839456e+15
981 4.862698e+15
982 4.919143e+15
983 4.929104e+15
984 4.935745e+15
985 4.942385e+15
986 4.988870e+15
987 4.998831e+15
988 5.048636e+15
989 5.055276e+15
990 5.101761e+15
991 5.217972e+15
992 5.231253e+15
993 5.347464e+15
994 5.397269e+15
995 5.423831e+15
996 5.486917e+15
997 5.503519e+15
998 5.530082e+15
999 5.649613e+15
1000 5.802348e+15
