# Mean mass (g): 2.67e+30
1 2.063350e+19
2 3.408788e+19
3 3.548810e+19
4 1.364157e+20
5 5.098902e+20
6 6.823282e+20
7 8.799169e+20
8 9.669440e+20
9 1.176375e+21
10 1.204635e+21
11 1.264265e+21
12 1.273681e+21
13 1.551948e+21
14 1.712427e+21
15 1.873595e+21
16 2.599850e+21
17 2.812011e+21
18 3.004725e+21
19 3.255188e+21
20 4.346391e+21
21 5.781198e+21
22 5.860697e+21
23 7.174365e+21
24 7.463339e+21
25 9.359254e+21
26 1.141680e+22
27 1.456311e+22
28 1.705415e+22
29 1.730423e+22
30 1.961123e+22
31 2.039847e+22
32 2.513061e+22
33 2.914851e+22
34 2.951688e+22
35 3.124234e+22
36 3.722370e+22
37 3.840705e+22
38 3.887731e+22
39 4.349428e+22
40 4.364448e+22
41 5.173656e+22
42 5.523191e+22
43 5.735741e+22
44 5.930187e+22
45 6.105605e+22
46 6.217584e+22
47 6.227143e+22
48 6.485282e+22
49 6.761043e+22
50 6.785601e+22
51 7.795151e+22
52 7.850841e+22
53 8.145199e+22
54 8.350608e+22
55 8.983492e+22
56 9.196600e+22
57 1.011769e+23
58 1.036169e+23
59 1.112092e+23
60 1.170793e+23
61 1.209243e+23
62 1.227513e+23
63 1.239470e+23
64 1.332280e+23
65 1.359375e+23
66 1.389358e+23
67 1.420585e+23
68 1.500497e+23
69 1.619231e+23
70 1.773499e+23
71 1.837212e+23
72 1.995535e+23
73 2.025788e+23
74 2.138057e+23
75 2.162394e+23
76 2.450772e+23
77 2.480170e+23
78 2.517265e+23
79 2.616324e+23
80 2.715773e+23
81 2.903915e+23
82 3.176218e+23
83 3.202673e+23
84 3.213718e+23
85 3.229127e+23
86 3.424573e+23
87 3.500560e+23
88 3.616553e+23
89 4.040422e+23
90 4.052333e+23
91 4.359461e+23
92 4.415507e+23
93 4.438698e+23
94 4.632186e+23
95 4.719381e+23
96 4.848403e+23
97 4.973402e+23
98 5.105862e+23
99 5.229396e+23
100 5.428671e+23
101 5.469367e+23
102 5.855455e+23
103 6.222729e+23
104 6.392599e+23
105 6.396445e+23
106 6.414042e+23
107 6.488897e+23
108 6.554626e+23
109 6.633230e+23
110 6.879680e+23
111 7.088912e+23
112 7.090559e+23
113 7.327337e+23
114 7.464975e+23
115 7.815252e+23
116 7.935751e+23
117 8.448502e+23
118 8.542261e+23
119 9.727245e+23
120 9.819240e+23
121 1.009743e+24
122 1.015153e+24
123 1.064023e+24
124 1.075664e+24
125 1.096904e+24
126 1.113830e+24
127 1.173106e+24
128 1.246648e+24
129 1.305201e+24
130 1.310538e+24
131 1.331749e+24
132 1.345612e+24
133 1.382810e+24
134 1.402959e+24
135 1.406742e+24
136 1.428573e+24
137 1.470362e+24
138 1.479684e+24
139 1.542385e+24
140 1.544847e+24
141 1.554054e+24
142 1.569985e+24
143 1.639665e+24
144 1.668666e+24
145 1.791742e+24
146 1.922685e+24
147 1.949431e+24
148 2.031746e+24
149 2.067446e+24
150 2.163882e+24
151 2.215527e+24
152 2.250117e+24
153 2.268399e+24
154 2.269152e+24
155 2.274358e+24
156 2.290882e+24
157 2.328002e+24
158 2.352293e+24
159 2.423607e+24
160 2.452086e+24
161 2.473952e+24
162 2.493719e+24
163 2.587663e+24
164 2.598342e+24
165 2.658557e+24
166 2.672256e+24
167 2.680857e+24
168 2.714345e+24
169 2.745528e+24
170 2.766807e+24
171 2.789148e+24
172 2.822901e+24
173 2.833910e+24
174 2.873831e+24
175 2.922152e+24
176 2.945517e+24
177 2.973189e+24
178 3.026819e+24
179 3.039541e+24
180 3.078388e+24
181 3.083788e+24
182 3.202844e+24
183 3.234245e+24
184 3.238717e+24
185 3.308349e+24
186 3.310845e+24
187 3.328063e+24
188 3.440451e+24
189 3.491780e+24
190 3.509320e+24
191 3.779768e+24
192 3.785957e+24
193 3.802973e+24
194 3.891679e+24
195 3.901564e+24
196 4.076405e+24
197 4.205111e+24
198 4.273370e+24
199 4.335647e+24
200 4.350888e+24
201 4.418371e+24
202 4.531896e+24
203 4.609328e+24
204 4.653335e+24
205 4.674542e+24
206 4.731325e+24
207 4.735181e+24
208 4.755671e+24
209 4.765491e+24
210 4.821710e+24
211 4.836849e+24
212 4.850233e+24
213 4.914681e+24
214 4.931611e+24
215 5.083233e+24
216 5.250425e+24
217 5.348403e+24
218 5.505253e+24
219 5.825975e+24
220 5.895746e+24
221 6.143728e+24
222 6.184760e+24
223 6.197903e+24
224 6.216674e+24
225 6.580460e+24
226 6.909953e+24
227 6.962922e+24
228 6.963389e+24
229 6.973237e+24
230 7.056963e+24
231 7.305445e+24
232 7.334528e+24
233 7.491793e+24
234 7.589462e+24
235 7.687256e+24
236 7.948826e+24
237 8.010773e+24
238 8.283022e+24
239 8.304435e+24
240 8.408492e+24
241 8.582206e+24
242 8.702042e+24
243 8.703509e+24
244 9.119950e+24
245 9.293917e+24
246 9.358818e+24
247 9.706252e+24
248 9.732402e+24
249 1.007170e+25
250 1.012906e+25
251 1.027187e+25
252 1.071583e+25
253 1.087483e+25
254 1.111047e+25
255 1.114991e+25
256 1.123719e+25
257 1.164550e+25
258 1.175865e+25
259 1.205387e+25
260 1.221904e+25
261 1.222120e+25
262 1.273935e+25
263 1.297012e+25
264 1.297292e+25
265 1.312017e+25
266 1.347133e+25
267 1.382850e+25
268 1.393393e+25
269 1.406332e+25
270 1.411007e+25
271 1.503425e+25
272 1.509499e+25
273 1.531739e+25
274 1.616550e+25
275 1.618983e+25
276 1.620355e+25
277 1.659041e+25
278 1.695069e+25
279 1.716257e+25
280 1.744025e+25
281 1.757323e+25
282 1.839108e+25
283 1.864679e+25
284 1.869758e+25
285 1.874761e+25
286 1.883658e+25
287 1.950982e+25
288 1.952577e+25
289 1.965020e+25
290 1.972104e+25
291 2.013817e+25
292 2.015008e+25
293 2.019091e+25
294 2.051965e+25
295 2.064018e+25
296 2.084171e+25
297 2.123860e+25
298 2.143323e+25
299 2.158279e+25
300 2.164651e+25
301 2.173137e+25
302 2.189969e+25
303 2.307501e+25
304 2.317244e+25
305 2.325563e+25
306 2.340856e+25
307 2.358339e+25
308 2.364726e+25
309 2.390424e+25
310 2.459914e+25
311 2.514871e+25
312 2.532381e+25
313 2.572525e+25
314 2.607636e+25
315 2.655856e+25
316 2.691956e+25
317 2.728191e+25
318 2.787062e+25
319 2.795043e+25
320 2.811150e+25
321 2.837086e+25
322 2.843987e+25
323 2.877453e+25
324 2.921185e+25
325 2.933830e+25
326 3.073184e+25
327 3.126642e+25
328 3.191174e+25
329 3.230129e+25
330 3.233506e+25
331 3.280395e+25
332 3.369852e+25
333 3.390607e+25
334 3.444287e+25
335 3.479196e+25
336 3.484969e+25
337 3.526676e+25
338 3.575299e+25
339 3.593500e+25
340 3.627647e+25
341 3.670853e+25
342 3.681184e+25
343 3.706883e+25
344 3.825860e+25
345 3.826353e+25
346 3.840375e+25
347 3.861506e+25
348 3.885891e+25
349 4.030874e+25
350 4.048996e+25
351 4.049849e+25
352 4.120721e+25
353 4.199535e+25
354 4.250001e+25
355 4.280629e+25
356 4.291539e+25
357 4.330723e+25
358 4.360264e+25
359 4.514155e+25
360 4.551363e+25
361 4.564646e+25
362 4.724890e+25
363 4.741315e+25
364 4.859429e+25
365 4.936733e+25
366 5.216617e+25
367 5.219912e+25
368 5.274693e+25
369 5.362125e+25
370 5.377005e+25
371 5.449235e+25
372 5.458399e+25
373 5.492054e+25
374 5.507221e+25
375 5.562232e+25
376 5.570665e+25
377 5.570709e+25
378 5.764001e+25
379 5.853763e+25
380 5.914809e+25
381 5.949490e+25
382 6.055333e+25
383 6.066591e+25
384 6.145088e+25
385 6.215471e+25
386 6.219617e+25
387 6.414425e+25
388 6.431137e+25
389 6.474055e+25
390 6.591842e+25
391 6.611698e+25
392 6.730692e+25
393 6.758685e+25
394 6.891416e+25
395 6.989383e+25
396 7.113421e+25
397 7.151062e+25
398 7.153843e+25
399 7.273924e+25
400 7.346220e+25
401 7.744838e+25
402 7.801362e+25
403 7.902912e+25
404 7.972948e+25
405 8.213696e+25
406 8.301534e+25
407 8.312868e+25
408 8.347487e+25
409 8.474758e+25
410 8.538832e+25
411 8.786844e+25
412 8.788621e+25
413 8.892201e+25
414 8.955470e+25
415 8.972664e+25
416 9.027951e+25
417 9.042886e+25
418 9.227751e+25
419 9.285601e+25
420 9.414960e+25
421 9.431362e+25
422 9.534460e+25
423 9.619261e+25
424 9.763418e+25
425 9.772797e+25
426 9.774164e+25
427 9.870973e+25
428 9.885605e+25
429 1.004603e+26
430 1.011384e+26
431 1.024097e+26
432 1.026761e+26
433 1.028224e+26
434 1.045426e+26
435 1.049013e+26
436 1.077597e+26
437 1.079347e+26
438 1.082730e+26
439 1.099177e+26
440 1.100310e+26
441 1.103335e+26
442 1.108533e+26
443 1.116322e+26
444 1.116327e+26
445 1.142104e+26
446 1.145229e+26
447 1.183608e+26
448 1.195968e+26
449 1.216414e+26
450 1.233022e+26
451 1.244593e+26
452 1.254924e+26
453 1.274263e+26
454 1.288372e+26
455 1.301651e+26
456 1.322186e+26
457 1.330591e+26
458 1.362914e+26
459 1.373609e+26
460 1.393671e+26
461 1.398940e+26
462 1.431651e+26
463 1.433640e+26
464 1.435069e+26
465 1.460410e+26
466 1.462313e+26
467 1.479518e+26
468 1.496496e+26
469 1.512343e+26
470 1.513985e+26
471 1.528579e+26
472 1.536075e+26
473 1.537351e+26
474 1.542966e+26
475 1.573021e+26
476 1.587255e+26
477 1.590460e+26
478 1.641473e+26
479 1.645068e+26
480 1.656411e+26
481 1.666962e+26
482 1.677477e+26
483 1.734857e+26
484 1.744350e+26
485 1.756865e+26
486 1.776912e+26
487 1.790445e+26
488 1.839609e+26
489 1.841494e+26
490 1.874699e+26
491 1.887979e+26
492 1.905062e+26
493 1.905822e+26
494 1.968794e+26
495 1.984191e+26
496 1.984448e+26
497 2.030979e+26
498 2.110758e+26
499 2.140911e+26
500 2.225365e+26
501 2.254579e+26
502 2.300234e+26
503 2.341548e+26
504 2.390314e+26
505 2.412525e+26
506 2.480287e+26
507 2.496462e+26
508 2.540409e+26
509 2.541541e+26
510 2.566618e+26
511 2.570976e+26
512 2.609369e+26
513 2.628090e+26
514 2.636057e+26
515 2.652953e+26
516 2.697448e+26
517 2.718714e+26
518 2.732732e+26
519 2.813809e+26
520 2.813875e+26
521 2.827653e+26
522 2.857474e+26
523 2.876494e+26
524 2.902222e+26
525 2.952643e+26
526 2.953590e+26
527 2.959871e+26
528 2.985199e+26
529 3.004258e+26
530 3.039610e+26
531 3.054067e+26
532 3.058328e+26
533 3.088279e+26
534 3.091198e+26
535 3.158879e+26
536 3.188321e+26
537 3.252848e+26
538 3.274130e+26
539 3.290354e+26
540 3.330460e+26
541 3.384197e+26
542 3.388201e+26
543 3.399004e+26
544 3.430878e+26
545 3.708407e+26
546 3.711573e+26
547 3.737164e+26
548 3.772803e+26
549 3.789024e+26
550 3.812143e+26
551 3.827442e+26
552 3.875815e+26
553 4.180989e+26
554 4.204593e+26
555 4.220655e+26
556 4.225290e+26
557 4.248392e+26
558 4.263323e+26
559 4.462593e+26
560 4.497727e+26
561 4.542597e+26
562 4.546052e+26
563 4.565378e+26
564 4.719532e+26
565 4.779857e+26
566 4.806205e+26
567 4.832340e+26
568 5.144172e+26
569 5.193039e+26
570 5.211085e+26
571 5.240119e+26
572 5.291414e+26
573 5.389965e+26
574 5.512497e+26
575 5.610740e+26
576 5.900969e+26
577 5.991726e+26
578 6.013298e+26
579 6.016509e+26
580 6.021501e+26
581 6.054089e+26
582 6.431832e+26
583 6.447580e+26
584 6.454846e+26
585 6.512330e+26
586 6.839832e+26
587 6.941232e+26
588 6.969756e+26
589 6.976918e+26
590 6.997606e+26
591 7.155062e+26
592 7.228165e+26
593 7.493391e+26
594 7.540734e+26
595 7.541713e+26
596 7.922611e+26
597 7.926009e+26
598 8.079088e+26
599 8.225302e+26
600 8.257412e+26
601 8.343163e+26
602 8.398773e+26
603 8.413931e+26
604 8.414281e+26
605 8.483980e+26
606 8.517338e+26
607 8.638469e+26
608 8.805772e+26
609 8.817053e+26
610 9.014172e+26
611 9.186459e+26
612 9.237502e+26
613 9.261977e+26
614 9.377860e+26
615 9.571397e+26
616 9.648787e+26
617 9.696891e+26
618 9.711566e+26
619 9.841982e+26
620 1.026726e+27
621 1.032049e+27
622 1.035461e+27
623 1.045052e+27
624 1.076263e+27
625 1.113629e+27
626 1.123228e+27
627 1.128692e+27
628 1.142184e+27
629 1.160881e+27
630 1.169071e+27
631 1.186233e+27
632 1.209118e+27
633 1.219988e+27
634 1.247026e+27
635 1.269514e+27
636 1.293359e+27
637 1.411897e+27
638 1.420130e+27
639 1.460816e+27
640 1.483914e+27
641 1.484244e+27
642 1.508415e+27
643 1.554045e+27
644 1.557842e+27
645 1.591632e+27
646 1.602343e+27
647 1.612524e+27
648 1.636518e+27
649 1.669287e+27
650 1.676619e+27
651 1.695334e+27
652 1.709554e+27
653 1.714067e+27
654 1.751024e+27
655 1.779743e+27
656 1.819494e+27
657 1.847042e+27
658 1.849351e+27
659 1.856987e+27
660 1.878479e+27
661 1.905457e+27
662 1.943453e+27
663 1.946892e+27
664 1.989740e+27
665 2.008005e+27
666 2.026754e+27
667 2.079172e+27
668 2.124113e+27
669 2.128786e+27
670 2.156679e+27
671 2.156922e+27
672 2.167949e+27
673 2.236086e+27
674 2.262743e+27
675 2.280152e+27
676 2.287044e+27
677 2.300136e+27
678 2.327896e+27
679 2.353731e+27
680 2.474864e+27
681 2.484656e+27
682 2.526457e+27
683 2.543054e+27
684 2.550973e+27
685 2.579746e+27
686 2.666467e+27
687 2.719184e+27
688 2.723429e+27
689 2.787226e+27
690 2.799502e+27
691 2.834143e+27
692 2.885854e+27
693 2.896061e+27
694 2.917274e+27
695 2.954488e+27
696 3.024482e+27
697 3.062897e+27
698 3.172291e+27
699 3.192258e+27
700 3.223470e+27
701 3.274865e+27
702 3.324309e+27
703 3.351827e+27
704 3.353307e+27
705 3.388800e+27
706 3.432326e+27
707 3.462894e+27
708 3.626943e+27
709 3.643600e+27
710 3.650303e+27
711 3.694470e+27
712 3.751486e+27
713 3.752655e+27
714 3.784579e+27
715 3.793408e+27
716 3.934708e+27
717 4.066216e+27
718 4.075839e+27
719 4.131350e+27
720 4.279064e+27
721 4.291219e+27
722 4.297238e+27
723 4.334169e+27
724 4.402648e+27
725 4.414194e+27
726 4.518946e+27
727 4.554432e+27
728 4.739241e+27
729 4.804863e+27
730 4.947807e+27
731 5.000019e+27
732 5.116231e+27
733 5.235164e+27
734 5.328513e+27
735 5.392394e+27
736 5.487432e+27
737 5.511083e+27
738 5.549908e+27
739 5.632593e+27
740 5.838104e+27
741 5.871423e+27
742 5.901746e+27
743 6.044813e+27
744 6.051892e+27
745 6.123595e+27
746 6.182090e+27
747 6.189216e+27
748 6.328464e+27
749 6.455705e+27
750 6.689540e+27
751 6.787193e+27
752 6.999975e+27
753 7.150152e+27
754 7.203084e+27
755 7.312275e+27
756 7.443556e+27
757 7.453118e+27
758 7.477224e+27
759 7.597717e+27
760 7.732721e+27
761 7.878950e+27
762 8.076234e+27
763 8.101570e+27
764 8.328474e+27
765 8.459431e+27
766 8.580474e+27
767 8.647589e+27
768 8.724865e+27
769 8.744878e+27
770 8.825515e+27
771 9.144029e+27
772 9.269983e+27
773 9.390433e+27
774 9.653526e+27
775 9.694675e+27
776 1.015961e+28
777 1.031171e+28
778 1.034199e+28
779 1.060735e+28
780 1.075884e+28
781 1.083904e+28
782 1.085463e+28
783 1.106577e+28
784 1.123092e+28
785 1.139390e+28
786 1.180098e+28
787 1.182560e+28
788 1.210220e+28
789 1.282108e+28
790 1.298647e+28
791 1.316155e+28
792 1.322339e+28
793 1.323324e+28
794 1.339837e+28
795 1.347586e+28
796 1.459084e+28
797 1.500690e+28
798 1.522135e+28
799 1.549001e+28
800 1.576203e+28
801 1.583111e+28
802 1.619234e+28
803 1.631272e+28
804 1.633292e+28
805 1.635520e+28
806 1.691442e+28
807 1.693731e+28
808 1.695482e+28
809 1.700515e+28
810 1.709433e+28
811 1.732008e+28
812 1.737014e+28
813 1.766519e+28
814 1.833144e+28
815 1.889009e+28
816 1.897146e+28
817 1.932819e+28
818 1.960012e+28
819 1.965081e+28
820 2.068511e+28
821 2.118627e+28
822 2.169899e+28
823 2.194077e+28
824 2.227612e+28
825 2.255203e+28
826 2.266572e+28
827 2.295728e+28
828 2.408141e+28
829 2.455814e+28
830 2.510121e+28
831 2.543176e+28
832 2.568224e+28
833 2.589031e+28
834 2.604677e+28
835 2.673140e+28
836 2.696908e+28
837 2.761237e+28
838 2.792297e+28
839 2.799406e+28
840 2.802228e+28
841 3.055343e+28
842 3.079169e+28
843 3.090749e+28
844 3.104450e+28
845 3.115535e+28
846 3.192843e+28
847 3.236058e+28
848 3.300579e+28
849 3.323341e+28
850 3.382490e+28
851 3.392928e+28
852 3.528837e+28
853 3.557375e+28
854 3.660400e+28
855 3.666488e+28
856 3.715739e+28
857 3.753059e+28
858 3.946685e+28
859 4.047863e+28
860 4.090052e+28
861 4.158661e+28
862 4.302725e+28
863 4.383446e+28
864 4.717541e+28
865 4.757744e+28
866 4.761593e+28
867 4.862766e+28
868 4.999927e+28
869 5.108001e+28
870 5.137906e+28
871 5.164158e+28
872 5.217340e+28
873 5.231816e+28
874 5.327110e+28
875 5.378272e+28
876 5.475523e+28
877 5.622069e+28
878 5.866156e+28
879 5.866299e+28
880 5.898973e+28
881 6.073753e+28
882 6.197286e+28
883 6.277155e+28
884 6.296117e+28
885 6.377739e+28
886 6.439913e+28
887 6.572182e+28
888 6.693030e+28
889 6.701920e+28
890 6.798159e+28
891 6.996929e+28
892 7.374859e+28
893 8.243917e+28
894 8.295917e+28
895 8.445255e+28
896 8.616596e+28
897 8.620329e+28
898 9.115815e+28
899 9.207151e+28
900 9.526860e+28
901 9.584290e+28
902 1.000521e+29
903 1.031096e+29
904 1.060234e+29
905 1.088782e+29
906 1.103073e+29
907 1.129831e+29
908 1.130203e+29
909 1.169088e+29
910 1.208675e+29
911 1.223796e+29
912 1.224740e+29
913 1.389669e+29
914 1.430165e+29
915 1.481154e+29
916 1.492763e+29
917 1.506731e+29
918 1.528321e+29
919 1.538247e+29
920 1.547133e+29
921 1.619655e+29
922 1.625456e+29
923 1.629687e+29
924 1.674255e+29
925 1.683425e+29
926 1.824274e+29
927 1.834721e+29
928 1.917919e+29
929 1.923691e+29
930 2.056687e+29
931 2.176479e+29
932 2.422325e+29
933 2.503577e+29
934 2.626922e+29
935 2.650357e+29
936 2.705053e+29
937 2.757278e+29
938 2.774326e+29
939 2.985199e+29
940 3.161911e+29
941 3.209048e+29
942 3.344190e+29
943 3.487788e+29
944 3.815019e+29
945 3.924717e+29
946 3.939947e+29
947 3.976457e+29
948 4.173414e+29
949 4.505225e+29
950 4.578387e+29
951 4.634425e+29
952 4.942528e+29
953 5.378444e+29
954 5.538166e+29
955 5.606369e+29
956 5.712225e+29
957 6.405578e+29
958 6.614369e+29
959 6.694262e+29
960 7.528700e+29
961 7.843596e+29
962 8.303647e+29
963 8.917504e+29
964 8.951209e+29
965 9.117085e+29
966 1.024702e+30
967 1.046422e+30
968 1.160664e+30
969 1.188470e+30
970 1.240223e+30
971 1.278938e+30
972 1.357133e+30
973 1.591984e+30
974 1.688169e+30
975 2.038636e+30
976 2.097163e+30
977 2.579302e+30
978 3.406473e+30
979 3.435450e+30
980 3.561503e+30
981 4.211605e+30
982 5.440230e+30
983 6.753789e+30
984 7.251784e+30
985 7.578184e+30
986 9.641127e+30
987 1.130133e+31
988 1.142829e+31
989 1.460339e+31
990 1.494229e+31
991 2.119568e+31
992 4.064621e+31
993 4.110200e+31
994 6.856363e+31
995 1.189163e+32
996 1.299263e+32
997 1.411630e+32
998 3.549014e+32
999 7.689286e+32
1000 8.329247e+32
