# Mean mass (g): 7.07e+15
1 8.704778e+14
2 9.293346e+14
3 1.156354e+15
4 1.232027e+15
5 1.501087e+15
6 1.660841e+15
7 1.702882e+15
8 1.744923e+15
9 1.803780e+15
10 1.988758e+15
11 1.988758e+15
12 2.030799e+15
13 2.039207e+15
14 2.081248e+15
15 2.089656e+15
16 2.131696e+15
17 2.224186e+15
18 2.299859e+15
19 2.383940e+15
20 2.409164e+15
21 2.409164e+15
22 2.417573e+15
23 2.451205e+15
24 2.695041e+15
25 2.770714e+15
26 2.770714e+15
27 2.821162e+15
28 2.821162e+15
29 2.880019e+15
30 2.997733e+15
31 2.997733e+15
32 3.022957e+15
33 3.031366e+15
34 3.090222e+15
35 3.090222e+15
36 3.098631e+15
37 3.098631e+15
38 3.123855e+15
39 3.140671e+15
40 3.140671e+15
41 3.149079e+15
42 3.199528e+15
43 3.224752e+15
44 3.249977e+15
45 3.258385e+15
46 3.266793e+15
47 3.283609e+15
48 3.300426e+15
49 3.300426e+15
50 3.342466e+15
51 3.367691e+15
52 3.376099e+15
53 3.384507e+15
54 3.392915e+15
55 3.392915e+15
56 3.426547e+15
57 3.460180e+15
58 3.468588e+15
59 3.502221e+15
60 3.510629e+15
61 3.527445e+15
62 3.561077e+15
63 3.577894e+15
64 3.628342e+15
65 3.636750e+15
66 3.645159e+15
67 3.645159e+15
68 3.661975e+15
69 3.678791e+15
70 3.687199e+15
71 3.704015e+15
72 3.712424e+15
73 3.720832e+15
74 3.720832e+15
75 3.720832e+15
76 3.737648e+15
77 3.737648e+15
78 3.754464e+15
79 3.804913e+15
80 3.804913e+15
81 3.821729e+15
82 3.830137e+15
83 3.830137e+15
84 3.855362e+15
85 3.863770e+15
86 3.905810e+15
87 3.914219e+15
88 3.931035e+15
89 3.956259e+15
90 3.956259e+15
91 3.973075e+15
92 3.973075e+15
93 3.981484e+15
94 3.981484e+15
95 4.057157e+15
96 4.065565e+15
97 4.073973e+15
98 4.082381e+15
99 4.082381e+15
100 4.090789e+15
101 4.099197e+15
102 4.107605e+15
103 4.107605e+15
104 4.116014e+15
105 4.116014e+15
106 4.116014e+15
107 4.132830e+15
108 4.141238e+15
109 4.141238e+15
110 4.141238e+15
111 4.149646e+15
112 4.149646e+15
113 4.158054e+15
114 4.166462e+15
115 4.166462e+15
116 4.174870e+15
117 4.191687e+15
118 4.216911e+15
119 4.225319e+15
120 4.242135e+15
121 4.250544e+15
122 4.267360e+15
123 4.267360e+15
124 4.275768e+15
125 4.300992e+15
126 4.300992e+15
127 4.300992e+15
128 4.317809e+15
129 4.326217e+15
130 4.334625e+15
131 4.334625e+15
132 4.368257e+15
133 4.376665e+15
134 4.401890e+15
135 4.410298e+15
136 4.410298e+15
137 4.410298e+15
138 4.427114e+15
139 4.452338e+15
140 4.452338e+15
141 4.477563e+15
142 4.494379e+15
143 4.511195e+15
144 4.519603e+15
145 4.519603e+15
146 4.544828e+15
147 4.561644e+15
148 4.570052e+15
149 4.578460e+15
150 4.586868e+15
151 4.595277e+15
152 4.612093e+15
153 4.612093e+15
154 4.620501e+15
155 4.628909e+15
156 4.637317e+15
157 4.637317e+15
158 4.654133e+15
159 4.670950e+15
160 4.679358e+15
161 4.696174e+15
162 4.696174e+15
163 4.696174e+15
164 4.704582e+15
165 4.704582e+15
166 4.704582e+15
167 4.712990e+15
168 4.712990e+15
169 4.721398e+15
170 4.721398e+15
171 4.729807e+15
172 4.738215e+15
173 4.746623e+15
174 4.746623e+15
175 4.755031e+15
176 4.755031e+15
177 4.763439e+15
178 4.771847e+15
179 4.788663e+15
180 4.788663e+15
181 4.805480e+15
182 4.805480e+15
183 4.813888e+15
184 4.822296e+15
185 4.830704e+15
186 4.830704e+15
187 4.839112e+15
188 4.847520e+15
189 4.855928e+15
190 4.855928e+15
191 4.864337e+15
192 4.872745e+15
193 4.881153e+15
194 4.897969e+15
195 4.906377e+15
196 4.914785e+15
197 4.914785e+15
198 4.914785e+15
199 4.923193e+15
200 4.923193e+15
201 4.923193e+15
202 4.931602e+15
203 4.940010e+15
204 4.940010e+15
205 4.956826e+15
206 4.973642e+15
207 4.973642e+15
208 4.973642e+15
209 4.982050e+15
210 4.990458e+15
211 4.998867e+15
212 5.007275e+15
213 5.024091e+15
214 5.024091e+15
215 5.040907e+15
216 5.040907e+15
217 5.049315e+15
218 5.057723e+15
219 5.057723e+15
220 5.057723e+15
221 5.066132e+15
222 5.066132e+15
223 5.066132e+15
224 5.074540e+15
225 5.074540e+15
226 5.082948e+15
227 5.082948e+15
228 5.091356e+15
229 5.091356e+15
230 5.124988e+15
231 5.141805e+15
232 5.141805e+15
233 5.150213e+15
234 5.158621e+15
235 5.167029e+15
236 5.183845e+15
237 5.183845e+15
238 5.192253e+15
239 5.192253e+15
240 5.209070e+15
241 5.217478e+15
242 5.217478e+15
243 5.217478e+15
244 5.234294e+15
245 5.234294e+15
246 5.251110e+15
247 5.259518e+15
248 5.284743e+15
249 5.284743e+15
250 5.293151e+15
251 5.293151e+15
252 5.309967e+15
253 5.309967e+15
254 5.326783e+15
255 5.326783e+15
256 5.335191e+15
257 5.343600e+15
258 5.343600e+15
259 5.343600e+15
260 5.343600e+15
261 5.343600e+15
262 5.360416e+15
263 5.360416e+15
264 5.368824e+15
265 5.377232e+15
266 5.394048e+15
267 5.394048e+15
268 5.394048e+15
269 5.402456e+15
270 5.410865e+15
271 5.410865e+15
272 5.419273e+15
273 5.419273e+15
274 5.427681e+15
275 5.461313e+15
276 5.461313e+15
277 5.469721e+15
278 5.469721e+15
279 5.486538e+15
280 5.486538e+15
281 5.494946e+15
282 5.494946e+15
283 5.503354e+15
284 5.503354e+15
285 5.511762e+15
286 5.511762e+15
287 5.520170e+15
288 5.528578e+15
289 5.536986e+15
290 5.553803e+15
291 5.562211e+15
292 5.570619e+15
293 5.570619e+15
294 5.629476e+15
295 5.637884e+15
296 5.637884e+15
297 5.646292e+15
298 5.654700e+15
299 5.671516e+15
300 5.671516e+15
301 5.671516e+15
302 5.679925e+15
303 5.696741e+15
304 5.705149e+15
305 5.705149e+15
306 5.713557e+15
307 5.713557e+15
308 5.730373e+15
309 5.738781e+15
310 5.747190e+15
311 5.747190e+15
312 5.755598e+15
313 5.764006e+15
314 5.764006e+15
315 5.772414e+15
316 5.822863e+15
317 5.856495e+15
318 5.864903e+15
319 5.864903e+15
320 5.873311e+15
321 5.873311e+15
322 5.881720e+15
323 5.881720e+15
324 5.890128e+15
325 5.890128e+15
326 5.890128e+15
327 5.898536e+15
328 5.898536e+15
329 5.906944e+15
330 5.906944e+15
331 5.923760e+15
332 5.932168e+15
333 5.948985e+15
334 5.957393e+15
335 5.965801e+15
336 5.982617e+15
337 5.982617e+15
338 5.982617e+15
339 5.999433e+15
340 6.016250e+15
341 6.024658e+15
342 6.058290e+15
343 6.075106e+15
344 6.100331e+15
345 6.108739e+15
346 6.117147e+15
347 6.117147e+15
348 6.125555e+15
349 6.133963e+15
350 6.142371e+15
351 6.142371e+15
352 6.142371e+15
353 6.142371e+15
354 6.159188e+15
355 6.184412e+15
356 6.192820e+15
357 6.192820e+15
358 6.192820e+15
359 6.201228e+15
360 6.209636e+15
361 6.209636e+15
362 6.209636e+15
363 6.218044e+15
364 6.218044e+15
365 6.218044e+15
366 6.234861e+15
367 6.234861e+15
368 6.234861e+15
369 6.243269e+15
370 6.243269e+15
371 6.268493e+15
372 6.276901e+15
373 6.285309e+15
374 6.285309e+15
375 6.285309e+15
376 6.285309e+15
377 6.293718e+15
378 6.302126e+15
379 6.302126e+15
380 6.310534e+15
381 6.310534e+15
382 6.327350e+15
383 6.327350e+15
384 6.327350e+15
385 6.335758e+15
386 6.344166e+15
387 6.352574e+15
388 6.352574e+15
389 6.360983e+15
390 6.369391e+15
391 6.377799e+15
392 6.394615e+15
393 6.394615e+15
394 6.411431e+15
395 6.411431e+15
396 6.411431e+15
397 6.428248e+15
398 6.428248e+15
399 6.436656e+15
400 6.470288e+15
401 6.470288e+15
402 6.478696e+15
403 6.478696e+15
404 6.478696e+15
405 6.487104e+15
406 6.495513e+15
407 6.503921e+15
408 6.512329e+15
409 6.520737e+15
410 6.529145e+15
411 6.529145e+15
412 6.529145e+15
413 6.537553e+15
414 6.537553e+15
415 6.545961e+15
416 6.545961e+15
417 6.554369e+15
418 6.554369e+15
419 6.554369e+15
420 6.562778e+15
421 6.571186e+15
422 6.571186e+15
423 6.588002e+15
424 6.588002e+15
425 6.588002e+15
426 6.588002e+15
427 6.596410e+15
428 6.596410e+15
429 6.596410e+15
430 6.596410e+15
431 6.604818e+15
432 6.621634e+15
433 6.630043e+15
434 6.630043e+15
435 6.630043e+15
436 6.630043e+15
437 6.630043e+15
438 6.638451e+15
439 6.646859e+15
440 6.646859e+15
441 6.646859e+15
442 6.655267e+15
443 6.663675e+15
444 6.663675e+15
445 6.672083e+15
446 6.672083e+15
447 6.672083e+15
448 6.680491e+15
449 6.680491e+15
450 6.697308e+15
451 6.705716e+15
452 6.714124e+15
453 6.730940e+15
454 6.730940e+15
455 6.730940e+15
456 6.739348e+15
457 6.747756e+15
458 6.747756e+15
459 6.747756e+15
460 6.756164e+15
461 6.756164e+15
462 6.764573e+15
463 6.781389e+15
464 6.781389e+15
465 6.789797e+15
466 6.798205e+15
467 6.798205e+15
468 6.798205e+15
469 6.806613e+15
470 6.806613e+15
471 6.815021e+15
472 6.823429e+15
473 6.823429e+15
474 6.831838e+15
475 6.831838e+15
476 6.831838e+15
477 6.848654e+15
478 6.857062e+15
479 6.857062e+15
480 6.857062e+15
481 6.865470e+15
482 6.865470e+15
483 6.873878e+15
484 6.882286e+15
485 6.899103e+15
486 6.899103e+15
487 6.907511e+15
488 6.915919e+15
489 6.924327e+15
490 6.932735e+15
491 6.932735e+15
492 6.941143e+15
493 6.941143e+15
494 6.949551e+15
495 6.949551e+15
496 6.949551e+15
497 6.957959e+15
498 6.966368e+15
499 6.966368e+15
500 6.974776e+15
501 6.991592e+15
502 7.008408e+15
503 7.025224e+15
504 7.025224e+15
505 7.033632e+15
506 7.042041e+15
507 7.050449e+15
508 7.050449e+15
509 7.050449e+15
510 7.058857e+15
511 7.075673e+15
512 7.084081e+15
513 7.092489e+15
514 7.100897e+15
515 7.109306e+15
516 7.117714e+15
517 7.117714e+15
518 7.126122e+15
519 7.126122e+15
520 7.126122e+15
521 7.126122e+15
522 7.134530e+15
523 7.168162e+15
524 7.168162e+15
525 7.176571e+15
526 7.184979e+15
527 7.184979e+15
528 7.193387e+15
529 7.193387e+15
530 7.201795e+15
531 7.201795e+15
532 7.210203e+15
533 7.218611e+15
534 7.218611e+15
535 7.227019e+15
536 7.235427e+15
537 7.243836e+15
538 7.252244e+15
539 7.260652e+15
540 7.269060e+15
541 7.269060e+15
542 7.277468e+15
543 7.277468e+15
544 7.277468e+15
545 7.294284e+15
546 7.302692e+15
547 7.311101e+15
548 7.311101e+15
549 7.319509e+15
550 7.319509e+15
551 7.327917e+15
552 7.336325e+15
553 7.336325e+15
554 7.336325e+15
555 7.336325e+15
556 7.344733e+15
557 7.344733e+15
558 7.369957e+15
559 7.378366e+15
560 7.395182e+15
561 7.395182e+15
562 7.395182e+15
563 7.403590e+15
564 7.428814e+15
565 7.428814e+15
566 7.437222e+15
567 7.437222e+15
568 7.462447e+15
569 7.462447e+15
570 7.470855e+15
571 7.479263e+15
572 7.479263e+15
573 7.479263e+15
574 7.487671e+15
575 7.504487e+15
576 7.512896e+15
577 7.521304e+15
578 7.538120e+15
579 7.554936e+15
580 7.563344e+15
581 7.563344e+15
582 7.580161e+15
583 7.588569e+15
584 7.596977e+15
585 7.613793e+15
586 7.622201e+15
587 7.622201e+15
588 7.622201e+15
589 7.622201e+15
590 7.630609e+15
591 7.639017e+15
592 7.639017e+15
593 7.647426e+15
594 7.647426e+15
595 7.647426e+15
596 7.655834e+15
597 7.664242e+15
598 7.672650e+15
599 7.672650e+15
600 7.681058e+15
601 7.697874e+15
602 7.706282e+15
603 7.714691e+15
604 7.714691e+15
605 7.714691e+15
606 7.714691e+15
607 7.723099e+15
608 7.731507e+15
609 7.731507e+15
610 7.731507e+15
611 7.739915e+15
612 7.756731e+15
613 7.756731e+15
614 7.756731e+15
615 7.756731e+15
616 7.765139e+15
617 7.765139e+15
618 7.773547e+15
619 7.773547e+15
620 7.781956e+15
621 7.781956e+15
622 7.781956e+15
623 7.790364e+15
624 7.798772e+15
625 7.807180e+15
626 7.815588e+15
627 7.823996e+15
628 7.823996e+15
629 7.832404e+15
630 7.832404e+15
631 7.840812e+15
632 7.840812e+15
633 7.849221e+15
634 7.857629e+15
635 7.866037e+15
636 7.874445e+15
637 7.882853e+15
638 7.891261e+15
639 7.908077e+15
640 7.916485e+15
641 7.916485e+15
642 7.916485e+15
643 7.924894e+15
644 7.941710e+15
645 7.941710e+15
646 7.958526e+15
647 7.958526e+15
648 7.958526e+15
649 7.966934e+15
650 7.966934e+15
651 7.966934e+15
652 7.975342e+15
653 7.983750e+15
654 7.992159e+15
655 8.000567e+15
656 8.025791e+15
657 8.042607e+15
658 8.051015e+15
659 8.051015e+15
660 8.051015e+15
661 8.059424e+15
662 8.059424e+15
663 8.067832e+15
664 8.084648e+15
665 8.084648e+15
666 8.101464e+15
667 8.109872e+15
668 8.109872e+15
669 8.109872e+15
670 8.118280e+15
671 8.135097e+15
672 8.143505e+15
673 8.151913e+15
674 8.151913e+15
675 8.160321e+15
676 8.160321e+15
677 8.177137e+15
678 8.185545e+15
679 8.185545e+15
680 8.202362e+15
681 8.210770e+15
682 8.210770e+15
683 8.219178e+15
684 8.227586e+15
685 8.235994e+15
686 8.244402e+15
687 8.244402e+15
688 8.252810e+15
689 8.261219e+15
690 8.261219e+15
691 8.303259e+15
692 8.303259e+15
693 8.303259e+15
694 8.311667e+15
695 8.320075e+15
696 8.320075e+15
697 8.320075e+15
698 8.328484e+15
699 8.336892e+15
700 8.336892e+15
701 8.353708e+15
702 8.353708e+15
703 8.353708e+15
704 8.353708e+15
705 8.370524e+15
706 8.378932e+15
707 8.387340e+15
708 8.395749e+15
709 8.395749e+15
710 8.404157e+15
711 8.412565e+15
712 8.429381e+15
713 8.429381e+15
714 8.429381e+15
715 8.446197e+15
716 8.446197e+15
717 8.446197e+15
718 8.454605e+15
719 8.463014e+15
720 8.471422e+15
721 8.479830e+15
722 8.488238e+15
723 8.505054e+15
724 8.505054e+15
725 8.513462e+15
726 8.521870e+15
727 8.530279e+15
728 8.538687e+15
729 8.538687e+15
730 8.547095e+15
731 8.547095e+15
732 8.547095e+15
733 8.555503e+15
734 8.555503e+15
735 8.555503e+15
736 8.563911e+15
737 8.563911e+15
738 8.563911e+15
739 8.580727e+15
740 8.589135e+15
741 8.597544e+15
742 8.605952e+15
743 8.614360e+15
744 8.614360e+15
745 8.614360e+15
746 8.622768e+15
747 8.622768e+15
748 8.631176e+15
749 8.631176e+15
750 8.631176e+15
751 8.631176e+15
752 8.664809e+15
753 8.673217e+15
754 8.673217e+15
755 8.673217e+15
756 8.681625e+15
757 8.681625e+15
758 8.690033e+15
759 8.698441e+15
760 8.723665e+15
761 8.732073e+15
762 8.732073e+15
763 8.732073e+15
764 8.748890e+15
765 8.757298e+15
766 8.757298e+15
767 8.765706e+15
768 8.774114e+15
769 8.782522e+15
770 8.790930e+15
771 8.824563e+15
772 8.824563e+15
773 8.832971e+15
774 8.849787e+15
775 8.866603e+15
776 8.866603e+15
777 8.883420e+15
778 8.900236e+15
779 8.917052e+15
780 8.925460e+15
781 8.933868e+15
782 8.942277e+15
783 8.959093e+15
784 8.975909e+15
785 8.984317e+15
786 8.984317e+15
787 8.984317e+15
788 9.001133e+15
789 9.009542e+15
790 9.009542e+15
791 9.017950e+15
792 9.026358e+15
793 9.034766e+15
794 9.059990e+15
795 9.068398e+15
796 9.068398e+15
797 9.085215e+15
798 9.102031e+15
799 9.127255e+15
800 9.152480e+15
801 9.169296e+15
802 9.177704e+15
803 9.186112e+15
804 9.194520e+15
805 9.219745e+15
806 9.228153e+15
807 9.236561e+15
808 9.261785e+15
809 9.261785e+15
810 9.261785e+15
811 9.278602e+15
812 9.295418e+15
813 9.295418e+15
814 9.303826e+15
815 9.312234e+15
816 9.312234e+15
817 9.354275e+15
818 9.371091e+15
819 9.379499e+15
820 9.421540e+15
821 9.455172e+15
822 9.455172e+15
823 9.463580e+15
824 9.463580e+15
825 9.471988e+15
826 9.471988e+15
827 9.480397e+15
828 9.497213e+15
829 9.505621e+15
830 9.514029e+15
831 9.514029e+15
832 9.530845e+15
833 9.539253e+15
834 9.547662e+15
835 9.547662e+15
836 9.547662e+15
837 9.556070e+15
838 9.564478e+15
839 9.564478e+15
840 9.572886e+15
841 9.572886e+15
842 9.581294e+15
843 9.581294e+15
844 9.581294e+15
845 9.614926e+15
846 9.614926e+15
847 9.614926e+15
848 9.623335e+15
849 9.631743e+15
850 9.640151e+15
851 9.656967e+15
852 9.690600e+15
853 9.699008e+15
854 9.707416e+15
855 9.724232e+15
856 9.732640e+15
857 9.732640e+15
858 9.732640e+15
859 9.749456e+15
860 9.766273e+15
861 9.774681e+15
862 9.774681e+15
863 9.774681e+15
864 9.774681e+15
865 9.799905e+15
866 9.816721e+15
867 9.816721e+15
868 9.816721e+15
869 9.825130e+15
870 9.867170e+15
871 9.875578e+15
872 9.875578e+15
873 9.883986e+15
874 9.900803e+15
875 9.926027e+15
876 9.934435e+15
877 9.934435e+15
878 9.942843e+15
879 1.001011e+16
880 1.001852e+16
881 1.002692e+16
882 1.003533e+16
883 1.006897e+16
884 1.006897e+16
885 1.006897e+16
886 1.008578e+16
887 1.012782e+16
888 1.012782e+16
889 1.014464e+16
890 1.014464e+16
891 1.015305e+16
892 1.016145e+16
893 1.016986e+16
894 1.016986e+16
895 1.019509e+16
896 1.019509e+16
897 1.020350e+16
898 1.021190e+16
899 1.022031e+16
900 1.027076e+16
901 1.029598e+16
902 1.030439e+16
903 1.030439e+16
904 1.031280e+16
905 1.031280e+16
906 1.032121e+16
907 1.038007e+16
908 1.041370e+16
909 1.041370e+16
910 1.046415e+16
911 1.047256e+16
912 1.048096e+16
913 1.048096e+16
914 1.048937e+16
915 1.049778e+16
916 1.049778e+16
917 1.049778e+16
918 1.054823e+16
919 1.054823e+16
920 1.057345e+16
921 1.057345e+16
922 1.058186e+16
923 1.058186e+16
924 1.058186e+16
925 1.059027e+16
926 1.059868e+16
927 1.061549e+16
928 1.063231e+16
929 1.065753e+16
930 1.065753e+16
931 1.065753e+16
932 1.066594e+16
933 1.066594e+16
934 1.068276e+16
935 1.068276e+16
936 1.069117e+16
937 1.069117e+16
938 1.073321e+16
939 1.075002e+16
940 1.075002e+16
941 1.075843e+16
942 1.076684e+16
943 1.077525e+16
944 1.079206e+16
945 1.080047e+16
946 1.080888e+16
947 1.083410e+16
948 1.089296e+16
949 1.090978e+16
950 1.090978e+16
951 1.097704e+16
952 1.102749e+16
953 1.105272e+16
954 1.106953e+16
955 1.108635e+16
956 1.109476e+16
957 1.111157e+16
958 1.115361e+16
959 1.115361e+16
960 1.123769e+16
961 1.125451e+16
962 1.125451e+16
963 1.127973e+16
964 1.135541e+16
965 1.136382e+16
966 1.138904e+16
967 1.141426e+16
968 1.143949e+16
969 1.144790e+16
970 1.148153e+16
971 1.148153e+16
972 1.151516e+16
973 1.153198e+16
974 1.161606e+16
975 1.173377e+16
976 1.174218e+16
977 1.174218e+16
978 1.177581e+16
979 1.184308e+16
980 1.187671e+16
981 1.191875e+16
982 1.191875e+16
983 1.202806e+16
984 1.207851e+16
985 1.219622e+16
986 1.223826e+16
987 1.227189e+16
988 1.238120e+16
989 1.241483e+16
990 1.256618e+16
991 1.259140e+16
992 1.264185e+16
993 1.270912e+16
994 1.273434e+16
995 1.281842e+16
996 1.283524e+16
997 1.307907e+16
998 1.327246e+16
999 1.355834e+16
1000 1.534086e+16
