# E_gamma(MeV)   Spectrum
5.145440e-01 1.794730e+19
5.413360e-01 2.239159e+19
5.695230e-01 2.703747e+19
5.991770e-01 2.850169e+19
6.303750e-01 2.935329e+19
6.631980e-01 2.968218e+19
6.977300e-01 2.961463e+19
7.340600e-01 2.924805e+19
7.722810e-01 2.865749e+19
8.124930e-01 2.792256e+19
8.547980e-01 2.707876e+19
8.993070e-01 2.616462e+19
9.461320e-01 2.520735e+19
9.953960e-01 2.423307e+19
1.047230e+00 2.325803e+19
1.101750e+00 2.228288e+19
1.159120e+00 2.132778e+19
1.219470e+00 2.039746e+19
1.282970e+00 1.949635e+19
1.349770e+00 1.861313e+19
1.420050e+00 1.777460e+19
1.493990e+00 1.696403e+19
1.571780e+00 1.618941e+19
1.653620e+00 1.544905e+19
1.739730e+00 1.474008e+19
1.830310e+00 1.406962e+19
1.925610e+00 1.342582e+19
2.025880e+00 1.281785e+19
2.131360e+00 1.223592e+19
2.242340e+00 1.169020e+19
2.359100e+00 1.117002e+19
2.481930e+00 1.067719e+19
2.611160e+00 1.020718e+19
2.747120e+00 9.764309e+18
2.890160e+00 9.349122e+18
3.040650e+00 8.951635e+18
3.198970e+00 8.580235e+18
3.365530e+00 8.226162e+18
3.540770e+00 7.888661e+18
3.725140e+00 7.570136e+18
3.919100e+00 7.268354e+18
4.123160e+00 6.986988e+18
4.337850e+00 6.714293e+18
4.563720e+00 6.454214e+18
4.801340e+00 6.212413e+18
5.051340e+00 5.979395e+18
5.314360e+00 5.758806e+18
5.591070e+00 5.549405e+18
5.882190e+00 5.353344e+18
6.188470e+00 5.164371e+18
6.510690e+00 4.983853e+18
6.849700e+00 4.813794e+18
7.206350e+00 4.649654e+18
7.581580e+00 4.493155e+18
7.976340e+00 4.337842e+18
8.391660e+00 4.196838e+18
8.828600e+00 4.054338e+18
9.288290e+00 3.922091e+18
9.771920e+00 3.792104e+18
1.028070e+01 3.664387e+18
1.081600e+01 3.544337e+18
1.137920e+01 3.423780e+18
1.197170e+01 3.313361e+18
1.259510e+01 3.202121e+18
1.325090e+01 3.094935e+18
1.394080e+01 2.987794e+18
1.466670e+01 2.885976e+18
1.543040e+01 2.784464e+18
1.623380e+01 2.691232e+18
1.707910e+01 2.595446e+18
1.796840e+01 2.499308e+18
1.890400e+01 2.411522e+18
1.988830e+01 2.319504e+18
2.092380e+01 2.236638e+18
2.201330e+01 2.149088e+18
2.315950e+01 2.068908e+18
2.436540e+01 1.987090e+18
2.563410e+01 1.909619e+18
2.696880e+01 1.832397e+18
2.837300e+01 1.756684e+18
2.985040e+01 1.685730e+18
3.140470e+01 1.613612e+18
3.303990e+01 1.544910e+18
3.476020e+01 1.476188e+18
3.657010e+01 1.410444e+18
3.847430e+01 1.346679e+18
4.047760e+01 1.283101e+18
4.258520e+01 1.220389e+18
4.480250e+01 1.160987e+18
4.713530e+01 1.102316e+18
4.958960e+01 1.044770e+18
5.217170e+01 9.883202e+17
5.488820e+01 9.354369e+17
5.774620e+01 8.833857e+17
6.075290e+01 8.331112e+17
6.391620e+01 7.847329e+17
6.724430e+01 7.384673e+17
7.074560e+01 6.938594e+17
7.442920e+01 6.507885e+17
7.830470e+01 6.085884e+17
8.238190e+01 5.691323e+17
8.667140e+01 5.318078e+17
9.118430e+01 4.946728e+17
9.593210e+01 4.602154e+17
1.009270e+02 4.273212e+17
1.061820e+02 3.968707e+17
1.117110e+02 3.676661e+17
1.175280e+02 3.398428e+17
1.236470e+02 3.141312e+17
1.300850e+02 2.894643e+17
1.368590e+02 2.665165e+17
1.439850e+02 2.443569e+17
1.514820e+02 2.242919e+17
1.593690e+02 2.051070e+17
1.676680e+02 1.869257e+17
1.763980e+02 1.703562e+17
1.855830e+02 1.545750e+17
1.952460e+02 1.404902e+17
2.054120e+02 1.270736e+17
2.161070e+02 1.150826e+17
2.273600e+02 1.039633e+17
2.391980e+02 9.387275e+16
2.516530e+02 8.472437e+16
2.647560e+02 7.624252e+16
2.785410e+02 6.876975e+16
2.930450e+02 6.181651e+16
3.083030e+02 5.547949e+16
3.243560e+02 4.964997e+16
3.412450e+02 4.441574e+16
3.590130e+02 3.958563e+16
3.777060e+02 3.519107e+16
3.973730e+02 3.128769e+16
4.180640e+02 2.774318e+16
4.398320e+02 2.460482e+16
4.627330e+02 2.177771e+16
4.868270e+02 1.927355e+16
5.121760e+02 1.707991e+16
5.388440e+02 1.511577e+16
5.669010e+02 1.344249e+16
5.964180e+02 1.192556e+16
6.274730e+02 1.064134e+16
6.601450e+02 9.506477e+15
6.945180e+02 8.526047e+15
7.306800e+02 7.657646e+15
7.687260e+02 6.850496e+15
8.087520e+02 6.106210e+15
8.508630e+02 5.392955e+15
8.951660e+02 4.739805e+15
9.417770e+02 4.133280e+15
9.908140e+02 3.608361e+15
1.042400e+03 3.167539e+15
1.096680e+03 2.811870e+15
1.153780e+03 2.531725e+15
1.213860e+03 2.315330e+15
1.277060e+03 2.152540e+15
1.343560e+03 2.027955e+15
1.413520e+03 1.926625e+15
1.487120e+03 1.825501e+15
1.564550e+03 1.708394e+15
1.646010e+03 1.562233e+15
1.731720e+03 1.374682e+15
1.821890e+03 1.159536e+15
1.916750e+03 9.322441e+14
2.016550e+03 7.169877e+14
2.121550e+03 5.278441e+14
2.232020e+03 3.773569e+14
2.348230e+03 2.639352e+14
2.470500e+03 1.841141e+14
2.599140e+03 1.340668e+14
2.734470e+03 1.021154e+14
2.876850e+03 8.246237e+13
3.026650e+03 5.171867e+13
3.184240e+03 3.936284e+13
3.350040e+03 1.266968e+13
3.524470e+03 7.173996e+12
3.707990e+03 3.781879e+12
3.901060e+03 2.006707e+12
4.104180e+03 1.039026e+12
4.317880e+03 5.461482e+11
4.542710e+03 2.791695e+11
4.779240e+03 1.263757e+11
5.028090e+03 5.399290e+10
5.289890e+03 2.183454e+10
5.565330e+03 8.613789e+09
5.855110e+03 3.558077e+09
6.159980e+03 1.251431e+09
6.480720e+03 4.015221e+08
6.818160e+03 1.301412e+08
7.173170e+03 3.878857e+07
7.546670e+03 1.104922e+07
7.939620e+03 2.764260e+06
8.353020e+03 6.355616e+05
8.787950e+03 1.545828e+05
9.245530e+03 2.909123e+04
9.726930e+03 5.609692e+03
1.023340e+04 9.942077e+02
1.076620e+04 1.366873e+02
1.132680e+04 2.158396e+01
1.191660e+04 2.578420e+00
1.253710e+04 2.492277e-01
1.318990e+04 3.045562e-02
1.387660e+04 2.421218e-03
1.459920e+04 1.891867e-04
1.535930e+04 1.399270e-05
1.615910e+04 6.411795e-07
1.700050e+04 3.850154e-08
1.788570e+04 1.854351e-09
1.881690e+04 6.801913e-11
1.979670e+04 2.008713e-12
2.082750e+04 5.684040e-14
2.191200e+04 1.413038e-15
2.305290e+04 2.339447e-17
2.425320e+04 3.440215e-19
2.551610e+04 4.644163e-21
2.684460e+04 4.048601e-23
2.824240e+04 3.007891e-25
2.971300e+04 1.951222e-27
3.126010e+04 7.485385e-30
3.288770e+04 2.868649e-32
3.460020e+04 6.586367e-35
3.640170e+04 1.268267e-37
3.829710e+04 1.630164e-40
4.029120e+04 1.567937e-43
4.238910e+04 9.590900e-47
4.459630e+04 4.644267e-50
4.691830e+04 1.275012e-53
4.936130e+04 2.694036e-57
5.193150e+04 3.168957e-61
5.463550e+04 2.274845e-65
5.748030e+04 1.128342e-69
6.047320e+04 4.358840e-74
6.362200e+04 5.518387e-79
6.693470e+04 4.781739e-84
7.041990e+04 2.340110e-89
7.408660e+04 6.145426e-95
7.794420e+04 8.372714e-101
8.200260e+04 1.859915e-106
8.627240e+04 1.983768e-113
9.076450e+04 3.145604e-120
9.549040e+04 3.047971e-125
1.004630e+05 4.975547e-135
1.056930e+05 4.328821e-139
1.111970e+05 2.587042e-151
1.169870e+05 4.104871e-160
1.230780e+05 2.156477e-169
1.294860e+05 1.637880e-173
1.362290e+05 2.338950e-189
1.433220e+05 3.617379e-200
1.507850e+05 1.624226e-211
1.586360e+05 1.912920e-223
1.668960e+05 5.678147e-236
1.755860e+05 3.764638e-249
1.847280e+05 5.913974e-254
1.943470e+05 1.134649e-277
2.044660e+05 7.473756e-283
2.151120e+05 1.394883e-297
2.263130e+05 1.474328e-299
2.380970e+05 0.000000e+00
2.504940e+05 0.000000e+00
2.635370e+05 0.000000e+00
2.772590e+05 0.000000e+00
2.916960e+05 0.000000e+00
3.068840e+05 0.000000e+00
3.228630e+05 0.000000e+00
3.396740e+05 0.000000e+00
3.573600e+05 0.000000e+00
3.759670e+05 0.000000e+00
3.955440e+05 0.000000e+00
4.161390e+05 0.000000e+00
4.378070e+05 0.000000e+00
4.606030e+05 0.000000e+00
4.845860e+05 0.000000e+00
5.098180e+05 0.000000e+00
5.363630e+05 0.000000e+00
5.642910e+05 0.000000e+00
5.936730e+05 0.000000e+00
6.245840e+05 0.000000e+00
6.571060e+05 0.000000e+00
6.913200e+05 0.000000e+00
7.273170e+05 0.000000e+00
7.651870e+05 0.000000e+00
8.050290e+05 0.000000e+00
8.469460e+05 0.000000e+00
8.910450e+05 0.000000e+00
9.374410e+05 0.000000e+00
9.862520e+05 0.000000e+00
1.037610e+06 0.000000e+00
1.091630e+06 0.000000e+00
1.148470e+06 0.000000e+00
1.208270e+06 0.000000e+00
1.271180e+06 0.000000e+00
1.337370e+06 0.000000e+00
1.407010e+06 0.000000e+00
1.480270e+06 0.000000e+00
1.557340e+06 0.000000e+00
1.638430e+06 0.000000e+00
1.723740e+06 0.000000e+00
1.813500e+06 0.000000e+00
1.907920e+06 0.000000e+00
2.007270e+06 0.000000e+00
2.111780e+06 0.000000e+00
2.221740e+06 0.000000e+00
2.337420e+06 0.000000e+00
2.459130e+06 0.000000e+00
2.587170e+06 0.000000e+00
2.721880e+06 0.000000e+00
2.863610e+06 0.000000e+00
3.012710e+06 0.000000e+00
3.169580e+06 0.000000e+00
3.334620e+06 0.000000e+00
3.508250e+06 0.000000e+00
3.690920e+06 0.000000e+00
3.883100e+06 0.000000e+00
4.085290e+06 0.000000e+00
4.298000e+06 0.000000e+00
4.521790e+06 0.000000e+00
4.757240e+06 0.000000e+00
5.004940e+06 0.000000e+00
5.265540e+06 0.000000e+00
5.539710e+06 0.000000e+00
5.828150e+06 0.000000e+00
6.131620e+06 0.000000e+00
6.450880e+06 0.000000e+00
6.786770e+06 0.000000e+00
7.140150e+06 0.000000e+00
7.511930e+06 0.000000e+00
7.903070e+06 0.000000e+00
8.314570e+06 0.000000e+00
8.747500e+06 0.000000e+00
9.202970e+06 0.000000e+00
9.682150e+06 0.000000e+00
1.018630e+07 0.000000e+00
1.071670e+07 0.000000e+00
1.127470e+07 0.000000e+00
1.186170e+07 0.000000e+00
1.247940e+07 0.000000e+00
1.312910e+07 0.000000e+00
1.381280e+07 0.000000e+00
1.453200e+07 0.000000e+00
1.528860e+07 0.000000e+00
1.608470e+07 0.000000e+00
1.692220e+07 0.000000e+00
1.780330e+07 0.000000e+00
1.873030e+07 0.000000e+00
1.970560e+07 0.000000e+00
2.073160e+07 0.000000e+00
2.181110e+07 0.000000e+00
2.294680e+07 0.000000e+00
2.414160e+07 0.000000e+00
2.539860e+07 0.000000e+00
2.672110e+07 0.000000e+00
2.811240e+07 0.000000e+00
2.957620e+07 0.000000e+00
3.111620e+07 0.000000e+00
3.273630e+07 0.000000e+00
3.444090e+07 0.000000e+00
3.623420e+07 0.000000e+00
3.812080e+07 0.000000e+00
4.010570e+07 0.000000e+00
4.219400e+07 0.000000e+00
4.439100e+07 0.000000e+00
4.670230e+07 0.000000e+00
4.913410e+07 0.000000e+00
5.169240e+07 0.000000e+00
5.438400e+07 0.000000e+00
5.721570e+07 0.000000e+00
6.019480e+07 0.000000e+00
6.332910e+07 0.000000e+00
6.662650e+07 0.000000e+00
7.009570e+07 0.000000e+00
7.374550e+07 0.000000e+00
7.758530e+07 0.000000e+00
8.162510e+07 0.000000e+00
8.587520e+07 0.000000e+00
9.034660e+07 0.000000e+00
9.505080e+07 0.000000e+00
1.000000e+08 0.000000e+00
