# Mean mass (g): 1.95e+20
1 3.925948e+13
2 8.275904e+13
3 1.323230e+14
4 1.944028e+14
5 2.166668e+14
6 3.696739e+14
7 4.219557e+14
8 4.435115e+14
9 5.135286e+14
10 5.916602e+14
11 7.413263e+14
12 8.270931e+14
13 8.458893e+14
14 8.492757e+14
15 9.762856e+14
16 1.030351e+15
17 1.099460e+15
18 1.127052e+15
19 1.193959e+15
20 1.293505e+15
21 1.423561e+15
22 1.482622e+15
23 1.550586e+15
24 1.624698e+15
25 1.625388e+15
26 1.728217e+15
27 1.814366e+15
28 1.835655e+15
29 2.053427e+15
30 2.349018e+15
31 2.622607e+15
32 2.706862e+15
33 2.954272e+15
34 3.102925e+15
35 3.382071e+15
36 3.384946e+15
37 3.443486e+15
38 3.451236e+15
39 3.743065e+15
40 3.802006e+15
41 3.821630e+15
42 3.843500e+15
43 3.863903e+15
44 4.097221e+15
45 4.118272e+15
46 4.282008e+15
47 4.293737e+15
48 4.369013e+15
49 4.396024e+15
50 4.455010e+15
51 4.826696e+15
52 4.933718e+15
53 4.967916e+15
54 4.989733e+15
55 5.131867e+15
56 5.374008e+15
57 5.457470e+15
58 5.622902e+15
59 5.686690e+15
60 5.771311e+15
61 5.852547e+15
62 5.883675e+15
63 5.941001e+15
64 6.415014e+15
65 6.550076e+15
66 6.692383e+15
67 6.759387e+15
68 6.966049e+15
69 6.966549e+15
70 7.274507e+15
71 7.418864e+15
72 7.456507e+15
73 7.560534e+15
74 7.648711e+15
75 7.712358e+15
76 7.816003e+15
77 7.845660e+15
78 7.862589e+15
79 7.932244e+15
80 8.025205e+15
81 8.611349e+15
82 8.668589e+15
83 9.605368e+15
84 9.689122e+15
85 1.004833e+16
86 1.023286e+16
87 1.079931e+16
88 1.093100e+16
89 1.102832e+16
90 1.142996e+16
91 1.161157e+16
92 1.237285e+16
93 1.266209e+16
94 1.399206e+16
95 1.410218e+16
96 1.495912e+16
97 1.503154e+16
98 1.532550e+16
99 1.541660e+16
100 1.549113e+16
101 1.566276e+16
102 1.580487e+16
103 1.616761e+16
104 1.691194e+16
105 1.699418e+16
106 1.721658e+16
107 1.912311e+16
108 1.913161e+16
109 1.993125e+16
110 2.060689e+16
111 2.111928e+16
112 2.164430e+16
113 2.205181e+16
114 2.213358e+16
115 2.231007e+16
116 2.338144e+16
117 2.580487e+16
118 2.723261e+16
119 2.787100e+16
120 2.821395e+16
121 2.878253e+16
122 2.934190e+16
123 2.954526e+16
124 2.984236e+16
125 2.984452e+16
126 3.087717e+16
127 3.303555e+16
128 3.310886e+16
129 3.324551e+16
130 3.355107e+16
131 3.373404e+16
132 3.499109e+16
133 3.565371e+16
134 3.801063e+16
135 3.836644e+16
136 3.837495e+16
137 3.919253e+16
138 3.951587e+16
139 3.959351e+16
140 4.012543e+16
141 4.084716e+16
142 4.091950e+16
143 4.224163e+16
144 4.446586e+16
145 4.483929e+16
146 4.554764e+16
147 4.582945e+16
148 4.722932e+16
149 4.724490e+16
150 4.788490e+16
151 4.847969e+16
152 4.928949e+16
153 4.948094e+16
154 4.987018e+16
155 4.990049e+16
156 5.005180e+16
157 5.084904e+16
158 5.280625e+16
159 5.515481e+16
160 5.540035e+16
161 5.618023e+16
162 5.693086e+16
163 5.769017e+16
164 5.954586e+16
165 6.545074e+16
166 6.572820e+16
167 6.661811e+16
168 6.669007e+16
169 6.691613e+16
170 6.697816e+16
171 6.757491e+16
172 6.951567e+16
173 6.967595e+16
174 6.974535e+16
175 7.267789e+16
176 7.270272e+16
177 7.630321e+16
178 7.675423e+16
179 7.678535e+16
180 7.754429e+16
181 7.851273e+16
182 7.972944e+16
183 8.339327e+16
184 8.552711e+16
185 8.737720e+16
186 8.848353e+16
187 8.930718e+16
188 9.095869e+16
189 9.109476e+16
190 9.124535e+16
191 9.251286e+16
192 9.844099e+16
193 9.860431e+16
194 1.019713e+17
195 1.026181e+17
196 1.034339e+17
197 1.043220e+17
198 1.047249e+17
199 1.056097e+17
200 1.060685e+17
201 1.063699e+17
202 1.070091e+17
203 1.072388e+17
204 1.087751e+17
205 1.088420e+17
206 1.092788e+17
207 1.104478e+17
208 1.112789e+17
209 1.130824e+17
210 1.134214e+17
211 1.143240e+17
212 1.143594e+17
213 1.152906e+17
214 1.163968e+17
215 1.241877e+17
216 1.254446e+17
217 1.269721e+17
218 1.295680e+17
219 1.297138e+17
220 1.307966e+17
221 1.329449e+17
222 1.346866e+17
223 1.419605e+17
224 1.430737e+17
225 1.444031e+17
226 1.445395e+17
227 1.463205e+17
228 1.477647e+17
229 1.485209e+17
230 1.525237e+17
231 1.533721e+17
232 1.538987e+17
233 1.571544e+17
234 1.578567e+17
235 1.592220e+17
236 1.611851e+17
237 1.657437e+17
238 1.674874e+17
239 1.688127e+17
240 1.709603e+17
241 1.726375e+17
242 1.730422e+17
243 1.770392e+17
244 1.791307e+17
245 1.796507e+17
246 1.824054e+17
247 1.825713e+17
248 1.859417e+17
249 1.873697e+17
250 1.891485e+17
251 1.911952e+17
252 1.961200e+17
253 1.966486e+17
254 1.999684e+17
255 2.065880e+17
256 2.073706e+17
257 2.131201e+17
258 2.154682e+17
259 2.163037e+17
260 2.168533e+17
261 2.225384e+17
262 2.253317e+17
263 2.254457e+17
264 2.279221e+17
265 2.280154e+17
266 2.326214e+17
267 2.357220e+17
268 2.417237e+17
269 2.444232e+17
270 2.463941e+17
271 2.509020e+17
272 2.530344e+17
273 2.545722e+17
274 2.574940e+17
275 2.624373e+17
276 2.659856e+17
277 2.674365e+17
278 2.680721e+17
279 2.707964e+17
280 2.730018e+17
281 2.730637e+17
282 2.737384e+17
283 2.743152e+17
284 2.748032e+17
285 2.781819e+17
286 2.787591e+17
287 2.812095e+17
288 2.814142e+17
289 2.845760e+17
290 2.953466e+17
291 2.959179e+17
292 2.996009e+17
293 2.999590e+17
294 3.058702e+17
295 3.096851e+17
296 3.124400e+17
297 3.149381e+17
298 3.197701e+17
299 3.268179e+17
300 3.270510e+17
301 3.272278e+17
302 3.288591e+17
303 3.312165e+17
304 3.338199e+17
305 3.363196e+17
306 3.373544e+17
307 3.374088e+17
308 3.387009e+17
309 3.392731e+17
310 3.409129e+17
311 3.503606e+17
312 3.589801e+17
313 3.623718e+17
314 3.665774e+17
315 3.703757e+17
316 3.729312e+17
317 3.782237e+17
318 3.802697e+17
319 3.834801e+17
320 3.853295e+17
321 3.864082e+17
322 3.909561e+17
323 3.995057e+17
324 4.014070e+17
325 4.092940e+17
326 4.102227e+17
327 4.184523e+17
328 4.202356e+17
329 4.217302e+17
330 4.228292e+17
331 4.260673e+17
332 4.289940e+17
333 4.319880e+17
334 4.367125e+17
335 4.387276e+17
336 4.405741e+17
337 4.421907e+17
338 4.462691e+17
339 4.502696e+17
340 4.571014e+17
341 4.721135e+17
342 4.755874e+17
343 4.858020e+17
344 4.873606e+17
345 4.929139e+17
346 4.940143e+17
347 4.963730e+17
348 4.977072e+17
349 4.989268e+17
350 5.025744e+17
351 5.029815e+17
352 5.072964e+17
353 5.141499e+17
354 5.162879e+17
355 5.231345e+17
356 5.332465e+17
357 5.344968e+17
358 5.350194e+17
359 5.434981e+17
360 5.550225e+17
361 5.585057e+17
362 5.664055e+17
363 5.725070e+17
364 5.898787e+17
365 5.979482e+17
366 6.018800e+17
367 6.075364e+17
368 6.119181e+17
369 6.124579e+17
370 6.161291e+17
371 6.264366e+17
372 6.277534e+17
373 6.330240e+17
374 6.387229e+17
375 6.426280e+17
376 6.439391e+17
377 6.444229e+17
378 6.468064e+17
379 6.556787e+17
380 6.599384e+17
381 6.812240e+17
382 6.844416e+17
383 6.848641e+17
384 6.859038e+17
385 6.863806e+17
386 6.866109e+17
387 6.866150e+17
388 6.924250e+17
389 6.934188e+17
390 7.109031e+17
391 7.121388e+17
392 7.209033e+17
393 7.339431e+17
394 7.354670e+17
395 7.375596e+17
396 7.425238e+17
397 7.574890e+17
398 7.707837e+17
399 7.708541e+17
400 7.747384e+17
401 7.763092e+17
402 7.903481e+17
403 7.932645e+17
404 7.966369e+17
405 7.974211e+17
406 7.994500e+17
407 8.175083e+17
408 8.271219e+17
409 8.336906e+17
410 8.360519e+17
411 8.384087e+17
412 8.430302e+17
413 8.462146e+17
414 8.626876e+17
415 8.639662e+17
416 8.854640e+17
417 8.920265e+17
418 8.958806e+17
419 9.000593e+17
420 9.098184e+17
421 9.136054e+17
422 9.226784e+17
423 9.243089e+17
424 9.260431e+17
425 9.269580e+17
426 9.277299e+17
427 9.279891e+17
428 9.481515e+17
429 9.549428e+17
430 9.564066e+17
431 9.776285e+17
432 9.804970e+17
433 9.892173e+17
434 9.899522e+17
435 1.014601e+18
436 1.015470e+18
437 1.022358e+18
438 1.031735e+18
439 1.032712e+18
440 1.037593e+18
441 1.040256e+18
442 1.045331e+18
443 1.058379e+18
444 1.060616e+18
445 1.079828e+18
446 1.088070e+18
447 1.120890e+18
448 1.128672e+18
449 1.165441e+18
450 1.182080e+18
451 1.184589e+18
452 1.189320e+18
453 1.195547e+18
454 1.205242e+18
455 1.217471e+18
456 1.217939e+18
457 1.228223e+18
458 1.229426e+18
459 1.259377e+18
460 1.264167e+18
461 1.270012e+18
462 1.279512e+18
463 1.304526e+18
464 1.307804e+18
465 1.315490e+18
466 1.329616e+18
467 1.345995e+18
468 1.362746e+18
469 1.370840e+18
470 1.380584e+18
471 1.387378e+18
472 1.420720e+18
473 1.442474e+18
474 1.450550e+18
475 1.455862e+18
476 1.463971e+18
477 1.478137e+18
478 1.490493e+18
479 1.490494e+18
480 1.491454e+18
481 1.511562e+18
482 1.517335e+18
483 1.569457e+18
484 1.570192e+18
485 1.577426e+18
486 1.584351e+18
487 1.588143e+18
488 1.592155e+18
489 1.603053e+18
490 1.604430e+18
491 1.604632e+18
492 1.626069e+18
493 1.637656e+18
494 1.647410e+18
495 1.659275e+18
496 1.662033e+18
497 1.671242e+18
498 1.675063e+18
499 1.683665e+18
500 1.707843e+18
501 1.710167e+18
502 1.740608e+18
503 1.747287e+18
504 1.762096e+18
505 1.800989e+18
506 1.803122e+18
507 1.806071e+18
508 1.812824e+18
509 1.819131e+18
510 1.828634e+18
511 1.840026e+18
512 1.850051e+18
513 1.871365e+18
514 1.897718e+18
515 1.908743e+18
516 1.911585e+18
517 1.920143e+18
518 1.926535e+18
519 1.927835e+18
520 1.942912e+18
521 2.004809e+18
522 2.026478e+18
523 2.058946e+18
524 2.059120e+18
525 2.091472e+18
526 2.107442e+18
527 2.126790e+18
528 2.151337e+18
529 2.163599e+18
530 2.163885e+18
531 2.164074e+18
532 2.185575e+18
533 2.196702e+18
534 2.205289e+18
535 2.233092e+18
536 2.254277e+18
537 2.267561e+18
538 2.270255e+18
539 2.280750e+18
540 2.288933e+18
541 2.315564e+18
542 2.379667e+18
543 2.380857e+18
544 2.396388e+18
545 2.416504e+18
546 2.459327e+18
547 2.485506e+18
548 2.493137e+18
549 2.495734e+18
550 2.520292e+18
551 2.550089e+18
552 2.614344e+18
553 2.618685e+18
554 2.620911e+18
555 2.631012e+18
556 2.641268e+18
557 2.643781e+18
558 2.650434e+18
559 2.657895e+18
560 2.657924e+18
561 2.739140e+18
562 2.867110e+18
563 2.942594e+18
564 2.952213e+18
565 2.969192e+18
566 2.993613e+18
567 3.020365e+18
568 3.078037e+18
569 3.143072e+18
570 3.146590e+18
571 3.148027e+18
572 3.163796e+18
573 3.251099e+18
574 3.271966e+18
575 3.312235e+18
576 3.339154e+18
577 3.358183e+18
578 3.362189e+18
579 3.367547e+18
580 3.379619e+18
581 3.390451e+18
582 3.423781e+18
583 3.427071e+18
584 3.442446e+18
585 3.455192e+18
586 3.488926e+18
587 3.514598e+18
588 3.557543e+18
589 3.570113e+18
590 3.579575e+18
591 3.589076e+18
592 3.605822e+18
593 3.695508e+18
594 3.748675e+18
595 3.770088e+18
596 3.777545e+18
597 3.784716e+18
598 3.843125e+18
599 3.845373e+18
600 3.891669e+18
601 3.897512e+18
602 3.902854e+18
603 3.936555e+18
604 4.004915e+18
605 4.017841e+18
606 4.020875e+18
607 4.046422e+18
608 4.059778e+18
609 4.137098e+18
610 4.208185e+18
611 4.213944e+18
612 4.232853e+18
613 4.248129e+18
614 4.253174e+18
615 4.276030e+18
616 4.280196e+18
617 4.282437e+18
618 4.406606e+18
619 4.431912e+18
620 4.453346e+18
621 4.479874e+18
622 4.540081e+18
623 4.587551e+18
624 4.665976e+18
625 4.704650e+18
626 4.731140e+18
627 4.785389e+18
628 4.835102e+18
629 4.859558e+18
630 4.892782e+18
631 4.960238e+18
632 5.047668e+18
633 5.074497e+18
634 5.077021e+18
635 5.087522e+18
636 5.089803e+18
637 5.096798e+18
638 5.141263e+18
639 5.148357e+18
640 5.245752e+18
641 5.307944e+18
642 5.398730e+18
643 5.431139e+18
644 5.624156e+18
645 5.645573e+18
646 5.679285e+18
647 5.697071e+18
648 5.814546e+18
649 5.838496e+18
650 5.893785e+18
651 5.908089e+18
652 5.970054e+18
653 6.130355e+18
654 6.166143e+18
655 6.188130e+18
656 6.263118e+18
657 6.329910e+18
658 6.376242e+18
659 6.381758e+18
660 6.401040e+18
661 6.468789e+18
662 6.726784e+18
663 6.749452e+18
664 6.899645e+18
665 6.956224e+18
666 6.979787e+18
667 6.994373e+18
668 7.065271e+18
669 7.087727e+18
670 7.283667e+18
671 7.623368e+18
672 7.634970e+18
673 7.640240e+18
674 7.678248e+18
675 7.702647e+18
676 7.819886e+18
677 7.988934e+18
678 8.231717e+18
679 8.365874e+18
680 8.425346e+18
681 8.505542e+18
682 8.570070e+18
683 8.650119e+18
684 8.687670e+18
685 8.700331e+18
686 8.779730e+18
687 8.848037e+18
688 8.853689e+18
689 9.032011e+18
690 9.045215e+18
691 9.068723e+18
692 9.163075e+18
693 9.495334e+18
694 9.497019e+18
695 9.518782e+18
696 9.563800e+18
697 9.748038e+18
698 9.889773e+18
699 9.891104e+18
700 9.960896e+18
701 1.003882e+19
702 1.047081e+19
703 1.049173e+19
704 1.052980e+19
705 1.073739e+19
706 1.083461e+19
707 1.109247e+19
708 1.116814e+19
709 1.118034e+19
710 1.127738e+19
711 1.141077e+19
712 1.147528e+19
713 1.159926e+19
714 1.172669e+19
715 1.201867e+19
716 1.207284e+19
717 1.213041e+19
718 1.233352e+19
719 1.233956e+19
720 1.243699e+19
721 1.249578e+19
722 1.258586e+19
723 1.260219e+19
724 1.268524e+19
725 1.274557e+19
726 1.315110e+19
727 1.320323e+19
728 1.322683e+19
729 1.334148e+19
730 1.343926e+19
731 1.346803e+19
732 1.369429e+19
733 1.404617e+19
734 1.405729e+19
735 1.422779e+19
736 1.440193e+19
737 1.506423e+19
738 1.508134e+19
739 1.515818e+19
740 1.516668e+19
741 1.569159e+19
742 1.628301e+19
743 1.632337e+19
744 1.634855e+19
745 1.681122e+19
746 1.709195e+19
747 1.725269e+19
748 1.730424e+19
749 1.770113e+19
750 1.784740e+19
751 1.804798e+19
752 1.868744e+19
753 1.895048e+19
754 1.907646e+19
755 1.923349e+19
756 1.935868e+19
757 1.977572e+19
758 1.982270e+19
759 2.002300e+19
760 2.073983e+19
761 2.160659e+19
762 2.186993e+19
763 2.206136e+19
764 2.239756e+19
765 2.260837e+19
766 2.368032e+19
767 2.370495e+19
768 2.373996e+19
769 2.391583e+19
770 2.408414e+19
771 2.419152e+19
772 2.430646e+19
773 2.505165e+19
774 2.509765e+19
775 2.615424e+19
776 2.640580e+19
777 2.655898e+19
778 2.704270e+19
779 2.705805e+19
780 2.722061e+19
781 2.747904e+19
782 2.761713e+19
783 2.781546e+19
784 2.808486e+19
785 2.818346e+19
786 2.830809e+19
787 2.854022e+19
788 2.906487e+19
789 2.920583e+19
790 2.934022e+19
791 3.000447e+19
792 3.003307e+19
793 3.179057e+19
794 3.203954e+19
795 3.239814e+19
796 3.283300e+19
797 3.284763e+19
798 3.322559e+19
799 3.371309e+19
800 3.381565e+19
801 3.434948e+19
802 3.440937e+19
803 3.556827e+19
804 3.659615e+19
805 3.678600e+19
806 3.686681e+19
807 3.714314e+19
808 3.719889e+19
809 3.772112e+19
810 3.774433e+19
811 3.823285e+19
812 3.900788e+19
813 4.007344e+19
814 4.098018e+19
815 4.145713e+19
816 4.173169e+19
817 4.200318e+19
818 4.259319e+19
819 4.391685e+19
820 4.473110e+19
821 4.506101e+19
822 4.517968e+19
823 4.529646e+19
824 4.530745e+19
825 4.579004e+19
826 4.596802e+19
827 4.656654e+19
828 4.920617e+19
829 5.140330e+19
830 5.141188e+19
831 5.167969e+19
832 5.168364e+19
833 5.171580e+19
834 5.228306e+19
835 5.273337e+19
836 5.291964e+19
837 5.449722e+19
838 5.486276e+19
839 5.780970e+19
840 5.835745e+19
841 5.842307e+19
842 6.118498e+19
843 6.148943e+19
844 6.168216e+19
845 6.303781e+19
846 6.346620e+19
847 6.364223e+19
848 6.559174e+19
849 6.723939e+19
850 6.738433e+19
851 6.828517e+19
852 6.833488e+19
853 7.022981e+19
854 7.119958e+19
855 7.415725e+19
856 7.471324e+19
857 7.478120e+19
858 7.645848e+19
859 7.828047e+19
860 8.005098e+19
861 8.030969e+19
862 8.237604e+19
863 8.317391e+19
864 8.361636e+19
865 8.403992e+19
866 8.413787e+19
867 8.524948e+19
868 8.712538e+19
869 8.835983e+19
870 9.216556e+19
871 9.802122e+19
872 1.028450e+20
873 1.034038e+20
874 1.092138e+20
875 1.097909e+20
876 1.101165e+20
877 1.104886e+20
878 1.137771e+20
879 1.167439e+20
880 1.211575e+20
881 1.215934e+20
882 1.237879e+20
883 1.239080e+20
884 1.251467e+20
885 1.253240e+20
886 1.276006e+20
887 1.281015e+20
888 1.289528e+20
889 1.301417e+20
890 1.343720e+20
891 1.346058e+20
892 1.355056e+20
893 1.371657e+20
894 1.385522e+20
895 1.457306e+20
896 1.461790e+20
897 1.478957e+20
898 1.480493e+20
899 1.480531e+20
900 1.485657e+20
901 1.503332e+20
902 1.540206e+20
903 1.613513e+20
904 1.699253e+20
905 1.709830e+20
906 1.773311e+20
907 1.787847e+20
908 1.802471e+20
909 1.833895e+20
910 1.903864e+20
911 1.911824e+20
912 1.947435e+20
913 1.969929e+20
914 1.981710e+20
915 2.025061e+20
916 2.179178e+20
917 2.241695e+20
918 2.249532e+20
919 2.288156e+20
920 2.323656e+20
921 2.424392e+20
922 2.463227e+20
923 2.524581e+20
924 2.526868e+20
925 2.794731e+20
926 2.796168e+20
927 2.798270e+20
928 2.841453e+20
929 2.859330e+20
930 2.864803e+20
931 2.982975e+20
932 3.268408e+20
933 3.282342e+20
934 3.295302e+20
935 3.350130e+20
936 3.422821e+20
937 3.437663e+20
938 3.467417e+20
939 3.491156e+20
940 3.796266e+20
941 3.849591e+20
942 3.877361e+20
943 3.900621e+20
944 3.936243e+20
945 4.068927e+20
946 4.488127e+20
947 4.787818e+20
948 5.002912e+20
949 5.199514e+20
950 5.323691e+20
951 5.326901e+20
952 5.513361e+20
953 5.753220e+20
954 5.888602e+20
955 6.309488e+20
956 6.559262e+20
957 6.595419e+20
958 6.972276e+20
959 7.262468e+20
960 7.270369e+20
961 7.367803e+20
962 8.330227e+20
963 8.534995e+20
964 8.819134e+20
965 9.223521e+20
966 9.408187e+20
967 9.610719e+20
968 9.759543e+20
969 1.051733e+21
970 1.092463e+21
971 1.103303e+21
972 1.115154e+21
973 1.130695e+21
974 1.154968e+21
975 1.280897e+21
976 1.342226e+21
977 1.427190e+21
978 1.503379e+21
979 1.530071e+21
980 1.617596e+21
981 1.870453e+21
982 1.882954e+21
983 1.887215e+21
984 1.907991e+21
985 2.038027e+21
986 2.280698e+21
987 2.354801e+21
988 2.453380e+21
989 3.418711e+21
990 3.554118e+21
991 5.363169e+21
992 5.513592e+21
993 6.938134e+21
994 7.231317e+21
995 7.440839e+21
996 8.235871e+21
997 1.002917e+22
998 1.648742e+22
999 2.399387e+22
1000 2.598057e+22
