# Mean mass (g): 6.54e+18
1 5.344403e+11
2 1.626177e+12
3 8.818142e+12
4 3.381581e+13
5 4.862583e+13
6 5.345009e+13
7 6.939211e+13
8 7.961098e+13
9 1.044799e+14
10 1.107826e+14
11 1.168177e+14
12 1.210560e+14
13 1.277384e+14
14 1.330109e+14
15 1.404194e+14
16 1.411980e+14
17 1.894130e+14
18 1.932723e+14
19 1.993194e+14
20 2.070165e+14
21 2.273215e+14
22 2.277740e+14
23 2.390664e+14
24 2.692737e+14
25 2.897414e+14
26 3.083564e+14
27 3.211628e+14
28 3.268606e+14
29 3.458031e+14
30 3.611499e+14
31 3.920897e+14
32 4.016787e+14
33 4.253805e+14
34 4.303885e+14
35 4.360801e+14
36 4.504926e+14
37 4.727252e+14
38 4.944669e+14
39 5.543909e+14
40 5.783827e+14
41 5.895473e+14
42 5.982618e+14
43 6.746151e+14
44 6.862377e+14
45 6.925069e+14
46 6.977441e+14
47 7.740422e+14
48 7.747323e+14
49 7.776730e+14
50 8.022835e+14
51 8.054517e+14
52 8.129382e+14
53 8.285677e+14
54 8.460087e+14
55 8.485252e+14
56 8.536844e+14
57 8.888144e+14
58 9.263475e+14
59 9.287161e+14
60 9.356727e+14
61 9.520068e+14
62 9.918611e+14
63 1.048951e+15
64 1.051963e+15
65 1.080401e+15
66 1.119643e+15
67 1.159221e+15
68 1.204126e+15
69 1.234243e+15
70 1.245035e+15
71 1.268323e+15
72 1.285124e+15
73 1.303653e+15
74 1.416489e+15
75 1.438737e+15
76 1.445729e+15
77 1.515472e+15
78 1.690301e+15
79 1.700188e+15
80 1.702364e+15
81 1.702578e+15
82 1.732146e+15
83 1.738509e+15
84 1.757191e+15
85 1.760268e+15
86 1.762123e+15
87 1.796607e+15
88 1.913453e+15
89 1.943810e+15
90 1.968653e+15
91 1.970928e+15
92 2.016988e+15
93 2.035412e+15
94 2.059893e+15
95 2.067755e+15
96 2.074050e+15
97 2.130167e+15
98 2.140061e+15
99 2.225759e+15
100 2.253419e+15
101 2.326803e+15
102 2.371087e+15
103 2.464857e+15
104 2.471114e+15
105 2.472431e+15
106 2.482821e+15
107 2.521150e+15
108 2.542681e+15
109 2.603873e+15
110 2.615163e+15
111 2.635595e+15
112 2.647033e+15
113 2.737641e+15
114 2.738425e+15
115 2.744153e+15
116 2.856895e+15
117 2.969686e+15
118 2.981326e+15
119 2.986187e+15
120 3.107045e+15
121 3.131009e+15
122 3.177080e+15
123 3.219300e+15
124 3.246102e+15
125 3.293408e+15
126 3.388046e+15
127 3.388670e+15
128 3.573835e+15
129 3.609925e+15
130 3.617366e+15
131 3.760508e+15
132 3.766242e+15
133 3.768747e+15
134 3.780769e+15
135 3.803749e+15
136 3.826171e+15
137 3.836374e+15
138 3.905805e+15
139 3.919581e+15
140 3.980873e+15
141 3.981585e+15
142 4.026421e+15
143 4.094759e+15
144 4.109954e+15
145 4.149630e+15
146 4.165686e+15
147 4.235130e+15
148 4.237313e+15
149 4.240760e+15
150 4.310383e+15
151 4.329081e+15
152 4.376721e+15
153 4.409298e+15
154 4.437718e+15
155 4.440249e+15
156 4.511982e+15
157 4.596475e+15
158 4.629351e+15
159 4.659336e+15
160 4.685796e+15
161 4.709192e+15
162 4.781281e+15
163 4.819587e+15
164 4.863783e+15
165 4.941003e+15
166 4.962276e+15
167 4.967247e+15
168 5.139095e+15
169 5.141298e+15
170 5.181008e+15
171 5.211845e+15
172 5.213593e+15
173 5.249433e+15
174 5.381193e+15
175 5.502609e+15
176 5.535032e+15
177 5.733819e+15
178 5.753451e+15
179 5.768251e+15
180 5.921426e+15
181 6.196222e+15
182 6.354328e+15
183 6.524865e+15
184 6.533238e+15
185 6.543042e+15
186 6.583402e+15
187 6.612352e+15
188 6.614050e+15
189 6.635545e+15
190 6.745798e+15
191 6.788435e+15
192 6.833822e+15
193 6.906228e+15
194 6.917658e+15
195 6.973261e+15
196 7.013053e+15
197 7.119562e+15
198 7.222145e+15
199 7.367493e+15
200 7.403038e+15
201 7.490068e+15
202 7.511339e+15
203 7.554223e+15
204 7.584771e+15
205 7.703636e+15
206 7.756020e+15
207 7.828254e+15
208 7.833944e+15
209 7.902898e+15
210 7.915568e+15
211 7.980926e+15
212 8.156520e+15
213 8.344302e+15
214 8.687022e+15
215 8.834073e+15
216 8.885828e+15
217 9.019500e+15
218 9.082185e+15
219 9.145099e+15
220 9.204770e+15
221 9.237030e+15
222 9.249203e+15
223 9.326414e+15
224 9.460984e+15
225 9.552437e+15
226 9.553225e+15
227 9.562088e+15
228 9.637491e+15
229 9.964400e+15
230 1.009172e+16
231 1.009248e+16
232 1.023948e+16
233 1.028912e+16
234 1.029420e+16
235 1.030640e+16
236 1.046486e+16
237 1.049060e+16
238 1.071530e+16
239 1.076698e+16
240 1.080808e+16
241 1.083782e+16
242 1.096548e+16
243 1.106175e+16
244 1.106217e+16
245 1.129333e+16
246 1.130005e+16
247 1.140098e+16
248 1.165041e+16
249 1.178610e+16
250 1.192657e+16
251 1.203082e+16
252 1.208111e+16
253 1.213643e+16
254 1.229686e+16
255 1.239544e+16
256 1.244480e+16
257 1.244486e+16
258 1.251279e+16
259 1.266551e+16
260 1.266983e+16
261 1.274298e+16
262 1.295135e+16
263 1.297477e+16
264 1.361859e+16
265 1.366307e+16
266 1.370051e+16
267 1.373980e+16
268 1.384697e+16
269 1.434223e+16
270 1.444577e+16
271 1.459556e+16
272 1.466806e+16
273 1.500866e+16
274 1.514031e+16
275 1.519330e+16
276 1.522726e+16
277 1.523084e+16
278 1.543127e+16
279 1.544946e+16
280 1.579862e+16
281 1.597158e+16
282 1.605331e+16
283 1.607952e+16
284 1.651943e+16
285 1.662019e+16
286 1.676986e+16
287 1.686090e+16
288 1.699196e+16
289 1.702502e+16
290 1.716205e+16
291 1.717236e+16
292 1.719238e+16
293 1.727162e+16
294 1.746200e+16
295 1.746686e+16
296 1.749654e+16
297 1.764050e+16
298 1.773585e+16
299 1.783902e+16
300 1.793134e+16
301 1.810747e+16
302 1.811183e+16
303 1.825250e+16
304 1.829931e+16
305 1.863340e+16
306 1.863616e+16
307 1.867433e+16
308 1.900748e+16
309 1.910436e+16
310 1.935039e+16
311 1.935489e+16
312 1.935592e+16
313 1.948195e+16
314 1.958807e+16
315 1.963415e+16
316 1.968432e+16
317 1.976788e+16
318 1.997716e+16
319 2.004137e+16
320 2.064476e+16
321 2.083227e+16
322 2.091036e+16
323 2.117368e+16
324 2.143812e+16
325 2.198768e+16
326 2.200110e+16
327 2.201478e+16
328 2.204455e+16
329 2.237122e+16
330 2.243660e+16
331 2.257498e+16
332 2.259446e+16
333 2.264239e+16
334 2.278586e+16
335 2.316222e+16
336 2.345971e+16
337 2.362385e+16
338 2.395992e+16
339 2.421885e+16
340 2.427724e+16
341 2.438804e+16
342 2.459361e+16
343 2.489048e+16
344 2.521879e+16
345 2.537118e+16
346 2.537973e+16
347 2.538102e+16
348 2.544765e+16
349 2.584799e+16
350 2.600588e+16
351 2.626732e+16
352 2.659304e+16
353 2.661499e+16
354 2.677602e+16
355 2.728549e+16
356 2.759709e+16
357 2.763438e+16
358 2.767793e+16
359 2.776189e+16
360 2.799053e+16
361 2.814605e+16
362 2.870253e+16
363 2.878399e+16
364 2.885373e+16
365 2.966688e+16
366 2.966884e+16
367 2.993840e+16
368 2.996098e+16
369 3.025944e+16
370 3.137025e+16
371 3.153916e+16
372 3.206821e+16
373 3.293917e+16
374 3.317338e+16
375 3.320661e+16
376 3.322623e+16
377 3.383947e+16
378 3.438303e+16
379 3.480584e+16
380 3.498034e+16
381 3.503963e+16
382 3.509023e+16
383 3.533010e+16
384 3.546779e+16
385 3.547827e+16
386 3.584231e+16
387 3.594755e+16
388 3.596001e+16
389 3.603045e+16
390 3.604435e+16
391 3.612405e+16
392 3.613440e+16
393 3.628146e+16
394 3.635049e+16
395 3.712793e+16
396 3.723124e+16
397 3.739681e+16
398 3.789572e+16
399 3.816938e+16
400 3.827900e+16
401 3.837137e+16
402 3.837673e+16
403 3.881447e+16
404 3.884954e+16
405 3.897598e+16
406 3.900372e+16
407 3.919504e+16
408 3.935617e+16
409 3.955551e+16
410 4.038832e+16
411 4.066743e+16
412 4.125859e+16
413 4.128271e+16
414 4.133493e+16
415 4.168658e+16
416 4.173974e+16
417 4.182101e+16
418 4.183772e+16
419 4.192641e+16
420 4.225752e+16
421 4.322110e+16
422 4.360720e+16
423 4.368112e+16
424 4.390992e+16
425 4.450434e+16
426 4.467186e+16
427 4.505224e+16
428 4.533228e+16
429 4.595690e+16
430 4.626565e+16
431 4.659795e+16
432 4.699778e+16
433 4.705868e+16
434 4.764761e+16
435 4.799813e+16
436 4.803994e+16
437 4.822624e+16
438 4.866341e+16
439 4.896842e+16
440 4.906042e+16
441 4.915993e+16
442 4.943067e+16
443 4.975938e+16
444 4.981196e+16
445 4.988045e+16
446 4.990775e+16
447 5.035431e+16
448 5.084162e+16
449 5.116649e+16
450 5.118167e+16
451 5.165290e+16
452 5.244834e+16
453 5.252667e+16
454 5.365478e+16
455 5.380185e+16
456 5.430626e+16
457 5.506795e+16
458 5.524023e+16
459 5.526144e+16
460 5.547453e+16
461 5.585354e+16
462 5.710804e+16
463 5.763107e+16
464 5.778453e+16
465 5.846014e+16
466 5.913271e+16
467 5.920588e+16
468 6.109537e+16
469 6.120547e+16
470 6.159009e+16
471 6.191831e+16
472 6.213943e+16
473 6.294377e+16
474 6.393941e+16
475 6.429645e+16
476 6.490802e+16
477 6.492578e+16
478 6.503683e+16
479 6.601969e+16
480 6.672063e+16
481 6.694013e+16
482 6.804209e+16
483 6.846027e+16
484 6.856653e+16
485 6.920186e+16
486 7.015382e+16
487 7.113270e+16
488 7.162156e+16
489 7.179287e+16
490 7.252215e+16
491 7.316808e+16
492 7.406658e+16
493 7.501185e+16
494 7.600043e+16
495 7.619651e+16
496 7.804472e+16
497 7.845219e+16
498 7.915585e+16
499 7.930136e+16
500 8.036896e+16
501 8.116295e+16
502 8.159527e+16
503 8.198403e+16
504 8.293012e+16
505 8.323948e+16
506 8.349816e+16
507 8.374251e+16
508 8.512137e+16
509 8.552567e+16
510 8.606196e+16
511 8.642424e+16
512 9.123111e+16
513 9.169873e+16
514 9.177055e+16
515 9.194564e+16
516 9.404236e+16
517 9.418556e+16
518 9.442191e+16
519 9.460221e+16
520 9.464519e+16
521 9.507319e+16
522 9.596483e+16
523 9.618717e+16
524 9.735535e+16
525 9.736266e+16
526 9.769044e+16
527 9.919192e+16
528 9.919955e+16
529 9.973184e+16
530 1.002170e+17
531 1.003261e+17
532 1.010271e+17
533 1.014523e+17
534 1.028786e+17
535 1.047412e+17
536 1.050811e+17
537 1.069134e+17
538 1.102567e+17
539 1.108535e+17
540 1.108841e+17
541 1.118517e+17
542 1.120555e+17
543 1.134201e+17
544 1.136200e+17
545 1.146414e+17
546 1.198568e+17
547 1.204358e+17
548 1.215132e+17
549 1.219235e+17
550 1.245080e+17
551 1.246173e+17
552 1.250291e+17
553 1.261569e+17
554 1.261848e+17
555 1.267181e+17
556 1.272219e+17
557 1.279528e+17
558 1.279544e+17
559 1.302876e+17
560 1.314156e+17
561 1.333995e+17
562 1.334839e+17
563 1.339465e+17
564 1.341139e+17
565 1.355552e+17
566 1.359913e+17
567 1.360338e+17
568 1.386761e+17
569 1.387598e+17
570 1.398273e+17
571 1.405943e+17
572 1.417801e+17
573 1.446076e+17
574 1.447790e+17
575 1.474817e+17
576 1.498484e+17
577 1.543471e+17
578 1.555656e+17
579 1.569278e+17
580 1.571340e+17
581 1.572928e+17
582 1.587896e+17
583 1.589538e+17
584 1.624522e+17
585 1.626118e+17
586 1.650653e+17
587 1.652642e+17
588 1.676977e+17
589 1.679641e+17
590 1.706700e+17
591 1.707341e+17
592 1.771183e+17
593 1.783973e+17
594 1.794054e+17
595 1.797031e+17
596 1.822235e+17
597 1.826927e+17
598 1.839451e+17
599 1.844108e+17
600 1.854587e+17
601 1.856651e+17
602 1.895887e+17
603 1.916879e+17
604 1.936888e+17
605 1.942452e+17
606 1.943393e+17
607 1.946296e+17
608 1.956819e+17
609 1.965798e+17
610 1.976388e+17
611 2.000585e+17
612 2.006487e+17
613 2.025861e+17
614 2.039579e+17
615 2.049534e+17
616 2.071418e+17
617 2.077099e+17
618 2.091868e+17
619 2.095323e+17
620 2.109239e+17
621 2.159312e+17
622 2.206240e+17
623 2.210272e+17
624 2.229756e+17
625 2.238778e+17
626 2.240344e+17
627 2.249386e+17
628 2.262561e+17
629 2.282382e+17
630 2.282969e+17
631 2.291944e+17
632 2.380919e+17
633 2.482465e+17
634 2.482634e+17
635 2.493159e+17
636 2.500255e+17
637 2.509297e+17
638 2.519272e+17
639 2.522068e+17
640 2.538483e+17
641 2.567019e+17
642 2.619977e+17
643 2.697913e+17
644 2.707850e+17
645 2.717420e+17
646 2.738319e+17
647 2.738791e+17
648 2.741461e+17
649 2.766719e+17
650 2.773711e+17
651 2.784405e+17
652 2.807035e+17
653 2.823635e+17
654 2.904076e+17
655 2.931367e+17
656 2.949833e+17
657 2.960465e+17
658 2.971966e+17
659 3.023913e+17
660 3.026516e+17
661 3.032191e+17
662 3.037684e+17
663 3.056322e+17
664 3.145038e+17
665 3.159244e+17
666 3.180366e+17
667 3.202232e+17
668 3.234988e+17
669 3.237516e+17
670 3.272072e+17
671 3.274652e+17
672 3.378391e+17
673 3.383439e+17
674 3.406550e+17
675 3.416106e+17
676 3.480362e+17
677 3.486126e+17
678 3.552309e+17
679 3.586240e+17
680 3.591523e+17
681 3.624942e+17
682 3.652395e+17
683 3.656919e+17
684 3.698045e+17
685 3.702359e+17
686 3.707027e+17
687 3.716883e+17
688 3.763648e+17
689 3.765627e+17
690 3.783170e+17
691 3.792966e+17
692 3.875299e+17
693 3.918195e+17
694 3.931717e+17
695 3.947056e+17
696 4.032457e+17
697 4.100106e+17
698 4.144585e+17
699 4.213172e+17
700 4.325661e+17
701 4.351194e+17
702 4.401445e+17
703 4.475535e+17
704 4.481875e+17
705 4.509290e+17
706 4.512295e+17
707 4.518278e+17
708 4.559287e+17
709 4.617831e+17
710 4.630544e+17
711 4.630719e+17
712 4.649052e+17
713 4.651723e+17
714 4.663113e+17
715 4.692677e+17
716 4.718043e+17
717 4.730017e+17
718 4.736755e+17
719 4.771559e+17
720 4.814273e+17
721 4.855062e+17
722 4.880410e+17
723 4.902372e+17
724 4.909431e+17
725 5.010446e+17
726 5.103177e+17
727 5.103440e+17
728 5.143205e+17
729 5.153268e+17
730 5.170932e+17
731 5.197591e+17
732 5.367648e+17
733 5.371328e+17
734 5.380890e+17
735 5.477260e+17
736 5.594583e+17
737 5.613417e+17
738 5.708820e+17
739 5.717497e+17
740 5.807976e+17
741 5.816916e+17
742 5.938223e+17
743 5.970892e+17
744 6.060267e+17
745 6.121247e+17
746 6.141290e+17
747 6.179152e+17
748 6.234791e+17
749 6.258208e+17
750 6.275047e+17
751 6.313838e+17
752 6.359386e+17
753 6.526578e+17
754 6.554904e+17
755 6.665526e+17
756 6.665821e+17
757 6.741391e+17
758 6.939563e+17
759 6.947396e+17
760 7.086310e+17
761 7.090151e+17
762 7.150661e+17
763 7.201987e+17
764 7.217357e+17
765 7.239126e+17
766 7.305920e+17
767 7.344579e+17
768 7.387022e+17
769 7.408238e+17
770 7.452937e+17
771 7.572743e+17
772 7.601914e+17
773 7.627243e+17
774 7.629112e+17
775 7.681001e+17
776 7.698510e+17
777 7.782421e+17
778 7.808886e+17
779 7.890831e+17
780 7.941019e+17
781 7.975651e+17
782 8.066354e+17
783 8.076510e+17
784 8.123383e+17
785 8.414067e+17
786 8.429730e+17
787 9.164401e+17
788 9.297595e+17
789 9.735200e+17
790 9.919129e+17
791 1.036899e+18
792 1.037785e+18
793 1.041412e+18
794 1.055798e+18
795 1.085382e+18
796 1.093422e+18
797 1.151109e+18
798 1.155892e+18
799 1.173115e+18
800 1.181767e+18
801 1.188831e+18
802 1.211311e+18
803 1.214528e+18
804 1.222324e+18
805 1.238284e+18
806 1.250774e+18
807 1.254329e+18
808 1.310602e+18
809 1.312593e+18
810 1.333670e+18
811 1.336223e+18
812 1.344962e+18
813 1.351601e+18
814 1.354283e+18
815 1.356075e+18
816 1.374021e+18
817 1.384655e+18
818 1.399576e+18
819 1.399996e+18
820 1.400961e+18
821 1.402375e+18
822 1.406664e+18
823 1.429926e+18
824 1.439394e+18
825 1.444719e+18
826 1.472800e+18
827 1.485458e+18
828 1.505374e+18
829 1.520300e+18
830 1.522346e+18
831 1.565675e+18
832 1.569679e+18
833 1.573361e+18
834 1.577581e+18
835 1.582417e+18
836 1.588213e+18
837 1.604318e+18
838 1.634307e+18
839 1.662878e+18
840 1.675602e+18
841 1.682354e+18
842 1.703303e+18
843 1.718856e+18
844 1.755666e+18
845 1.832670e+18
846 1.853061e+18
847 1.856588e+18
848 1.877022e+18
849 1.888754e+18
850 1.910299e+18
851 1.918664e+18
852 1.940516e+18
853 1.944750e+18
854 1.968055e+18
855 2.013710e+18
856 2.034529e+18
857 2.141599e+18
858 2.148113e+18
859 2.155062e+18
860 2.229913e+18
861 2.233412e+18
862 2.249279e+18
863 2.310517e+18
864 2.396045e+18
865 2.403670e+18
866 2.419592e+18
867 2.429985e+18
868 2.456018e+18
869 2.463444e+18
870 2.465506e+18
871 2.483195e+18
872 2.509314e+18
873 2.510711e+18
874 2.525043e+18
875 2.550273e+18
876 2.561911e+18
877 2.606941e+18
878 2.610654e+18
879 2.673080e+18
880 2.770553e+18
881 2.846718e+18
882 2.869287e+18
883 2.877574e+18
884 2.880236e+18
885 2.954184e+18
886 2.993756e+18
887 2.995536e+18
888 3.280043e+18
889 3.370707e+18
890 3.399120e+18
891 3.493845e+18
892 3.873133e+18
893 3.983254e+18
894 4.173069e+18
895 4.182094e+18
896 4.190828e+18
897 4.208859e+18
898 4.338899e+18
899 4.372243e+18
900 4.379101e+18
901 4.535068e+18
902 4.646468e+18
903 4.845762e+18
904 4.969000e+18
905 4.977338e+18
906 5.248661e+18
907 5.266916e+18
908 5.279239e+18
909 5.311132e+18
910 5.338579e+18
911 5.575790e+18
912 5.671564e+18
913 5.736549e+18
914 5.814306e+18
915 6.068163e+18
916 6.157727e+18
917 6.307294e+18
918 6.549745e+18
919 6.614644e+18
920 6.704377e+18
921 6.858659e+18
922 7.011514e+18
923 7.251714e+18
924 7.500127e+18
925 7.610467e+18
926 7.765807e+18
927 7.803675e+18
928 8.119356e+18
929 8.285723e+18
930 8.379259e+18
931 8.457529e+18
932 8.620970e+18
933 9.021734e+18
934 9.251736e+18
935 9.696826e+18
936 1.010976e+19
937 1.048912e+19
938 1.151761e+19
939 1.155998e+19
940 1.166763e+19
941 1.179523e+19
942 1.236043e+19
943 1.262679e+19
944 1.278065e+19
945 1.292238e+19
946 1.292429e+19
947 1.311270e+19
948 1.341533e+19
949 1.371692e+19
950 1.378917e+19
951 1.397647e+19
952 1.407195e+19
953 1.451498e+19
954 1.462673e+19
955 1.572751e+19
956 1.615151e+19
957 1.628119e+19
958 1.678363e+19
959 1.782201e+19
960 1.881383e+19
961 2.029381e+19
962 2.058244e+19
963 2.107288e+19
964 2.108419e+19
965 2.224312e+19
966 2.266109e+19
967 2.389249e+19
968 2.482628e+19
969 2.698456e+19
970 2.748872e+19
971 2.860569e+19
972 3.307927e+19
973 3.382845e+19
974 3.383227e+19
975 3.399004e+19
976 3.556348e+19
977 3.655536e+19
978 3.931144e+19
979 4.286383e+19
980 4.318161e+19
981 4.526321e+19
982 4.639407e+19
983 4.865426e+19
984 5.877904e+19
985 6.223664e+19
986 7.549672e+19
987 8.182503e+19
988 8.849126e+19
989 9.337565e+19
990 1.247657e+20
991 1.310944e+20
992 1.460046e+20
993 1.465425e+20
994 2.261110e+20
995 2.450687e+20
996 2.825671e+20
997 2.889636e+20
998 4.084471e+20
999 5.727846e+20
1000 1.862843e+21
