# E_gamma(MeV)   Spectrum
5.145440e-01 1.209021e+19
5.413360e-01 1.415745e+19
5.695230e-01 1.656119e+19
5.991770e-01 1.880505e+19
6.303750e-01 2.031000e+19
6.631980e-01 2.115595e+19
6.977300e-01 2.153007e+19
7.340600e-01 2.154098e+19
7.722810e-01 2.129708e+19
8.124930e-01 2.085799e+19
8.547980e-01 2.029308e+19
8.993070e-01 1.963942e+19
9.461320e-01 1.892121e+19
9.953960e-01 1.815829e+19
1.047230e+00 1.737759e+19
1.101750e+00 1.659172e+19
1.159120e+00 1.580547e+19
1.219470e+00 1.502919e+19
1.282970e+00 1.426347e+19
1.349770e+00 1.352517e+19
1.420050e+00 1.280675e+19
1.493990e+00 1.211252e+19
1.571780e+00 1.144635e+19
1.653620e+00 1.080450e+19
1.739730e+00 1.019307e+19
1.830310e+00 9.606561e+18
1.925610e+00 9.049128e+18
2.025880e+00 8.517954e+18
2.131360e+00 8.012949e+18
2.242340e+00 7.535282e+18
2.359100e+00 7.078672e+18
2.481930e+00 6.650007e+18
2.611160e+00 6.242723e+18
2.747120e+00 5.858465e+18
2.890160e+00 5.496022e+18
3.040650e+00 5.152947e+18
3.198970e+00 4.830233e+18
3.365530e+00 4.525492e+18
3.540770e+00 4.238959e+18
3.725140e+00 3.968834e+18
3.919100e+00 3.715255e+18
4.123160e+00 3.476265e+18
4.337850e+00 3.252002e+18
4.563720e+00 3.041190e+18
4.801340e+00 2.844222e+18
5.051340e+00 2.659503e+18
5.314360e+00 2.486352e+18
5.591070e+00 2.324566e+18
5.882190e+00 2.173387e+18
6.188470e+00 2.032877e+18
6.510690e+00 1.902669e+18
6.849700e+00 1.781869e+18
7.206350e+00 1.671173e+18
7.581580e+00 1.569390e+18
7.976340e+00 1.477309e+18
8.391660e+00 1.394281e+18
8.828600e+00 1.320906e+18
9.288290e+00 1.257419e+18
9.771920e+00 1.203668e+18
1.028070e+01 1.161850e+18
1.081600e+01 1.129317e+18
1.137920e+01 1.107608e+18
1.197170e+01 1.097437e+18
1.259510e+01 1.098351e+18
1.325090e+01 1.110324e+18
1.394080e+01 1.132058e+18
1.466670e+01 1.161609e+18
1.543040e+01 1.195804e+18
1.623380e+01 1.229344e+18
1.707910e+01 1.257590e+18
1.796840e+01 1.272506e+18
1.890400e+01 1.269037e+18
1.988830e+01 1.239655e+18
2.092380e+01 1.178557e+18
2.201330e+01 1.085290e+18
2.315950e+01 9.586383e+17
2.436540e+01 8.130106e+17
2.563410e+01 6.599671e+17
2.696880e+01 5.165576e+17
2.837300e+01 3.905208e+17
2.985040e+01 2.870208e+17
3.140470e+01 2.065257e+17
3.303990e+01 1.447116e+17
3.476020e+01 1.009637e+17
3.657010e+01 7.012012e+16
3.847430e+01 4.851774e+16
4.047760e+01 3.348044e+16
4.258520e+01 2.204192e+16
4.480250e+01 1.363362e+16
4.713530e+01 7.974396e+15
4.958960e+01 4.394794e+15
5.217170e+01 2.423641e+15
5.488820e+01 1.341719e+15
5.774620e+01 7.467856e+14
6.075290e+01 4.172302e+14
6.391620e+01 2.126939e+14
6.724430e+01 1.013020e+14
7.074560e+01 4.687770e+13
7.442920e+01 2.071696e+13
7.830470e+01 9.300506e+12
8.238190e+01 3.917857e+12
8.667140e+01 1.567239e+12
9.118430e+01 6.618368e+11
9.593210e+01 2.524154e+11
1.009270e+02 8.912017e+10
1.061820e+02 3.110601e+10
1.117110e+02 1.046850e+10
1.175280e+02 3.664368e+09
1.236470e+02 1.129587e+09
1.300850e+02 3.097384e+08
1.368590e+02 9.419667e+07
1.439850e+02 2.566979e+07
1.514820e+02 6.396621e+06
1.593690e+02 1.532064e+06
1.676680e+02 3.306520e+05
1.763980e+02 7.254460e+04
1.855830e+02 1.332642e+04
1.952460e+02 2.190558e+03
2.054120e+02 3.890910e+02
2.161070e+02 5.266850e+01
2.273600e+02 7.097630e+00
2.391980e+02 8.750732e-01
2.516530e+02 7.672246e-02
2.647560e+02 8.147226e-03
2.785410e+02 6.547310e-04
2.930450e+02 3.692250e-05
3.083030e+02 3.127681e-06
3.243560e+02 1.410413e-07
3.412450e+02 7.171846e-09
3.590130e+02 3.191779e-10
3.777060e+02 1.046708e-11
3.973730e+02 2.827064e-13
4.180640e+02 7.481093e-15
4.398320e+02 1.629718e-16
4.627330e+02 2.392494e-18
4.868270e+02 3.168471e-20
5.121760e+02 3.804530e-22
5.388440e+02 2.856921e-24
5.669010e+02 1.880573e-26
5.964180e+02 1.049097e-28
6.274730e+02 3.455523e-31
6.601450e+02 1.137476e-33
6.945180e+02 2.150660e-36
7.306800e+02 3.581594e-39
7.687260e+02 3.680241e-42
8.087520e+02 3.046023e-45
8.508630e+02 1.444234e-48
8.951660e+02 5.973465e-52
9.417770e+02 1.182769e-55
9.908140e+02 1.972751e-59
1.042400e+03 3.499798e-63
1.096680e+03 1.253383e-67
1.153780e+03 9.826944e-72
1.213860e+03 8.899414e-77
1.277060e+03 5.727086e-81
1.343560e+03 6.838822e-87
1.413520e+03 2.350686e-92
1.487120e+03 4.292429e-98
1.564550e+03 4.043337e-104
1.646010e+03 7.645103e-109
1.731720e+03 4.248156e-117
1.821890e+03 4.198150e-124
1.916750e+03 1.597809e-131
2.016550e+03 1.665476e-136
2.121550e+03 4.146247e-145
2.232020e+03 4.376876e-156
2.348230e+03 1.732597e-160
2.470500e+03 1.438608e-169
2.599140e+03 3.956226e-179
2.734470e+03 3.462687e-189
2.876850e+03 1.073517e-199
3.026650e+03 1.751186e-217
3.184240e+03 2.126274e-222
3.350040e+03 1.121268e-234
3.524470e+03 9.929196e-247
3.707990e+03 2.541638e-269
3.901060e+03 6.068637e-284
4.104180e+03 1.835528e-289
4.317880e+03 0.000000e+00
4.542710e+03 0.000000e+00
4.779240e+03 0.000000e+00
5.028090e+03 0.000000e+00
5.289890e+03 0.000000e+00
5.565330e+03 0.000000e+00
5.855110e+03 0.000000e+00
6.159980e+03 0.000000e+00
6.480720e+03 0.000000e+00
6.818160e+03 0.000000e+00
7.173170e+03 0.000000e+00
7.546670e+03 0.000000e+00
7.939620e+03 0.000000e+00
8.353020e+03 0.000000e+00
8.787950e+03 0.000000e+00
9.245530e+03 0.000000e+00
9.726930e+03 0.000000e+00
1.023340e+04 0.000000e+00
1.076620e+04 0.000000e+00
1.132680e+04 0.000000e+00
1.191660e+04 0.000000e+00
1.253710e+04 0.000000e+00
1.318990e+04 0.000000e+00
1.387660e+04 0.000000e+00
1.459920e+04 0.000000e+00
1.535930e+04 0.000000e+00
1.615910e+04 0.000000e+00
1.700050e+04 0.000000e+00
1.788570e+04 0.000000e+00
1.881690e+04 0.000000e+00
1.979670e+04 0.000000e+00
2.082750e+04 0.000000e+00
2.191200e+04 0.000000e+00
2.305290e+04 0.000000e+00
2.425320e+04 0.000000e+00
2.551610e+04 0.000000e+00
2.684460e+04 0.000000e+00
2.824240e+04 0.000000e+00
2.971300e+04 0.000000e+00
3.126010e+04 0.000000e+00
3.288770e+04 0.000000e+00
3.460020e+04 0.000000e+00
3.640170e+04 0.000000e+00
3.829710e+04 0.000000e+00
4.029120e+04 0.000000e+00
4.238910e+04 0.000000e+00
4.459630e+04 0.000000e+00
4.691830e+04 0.000000e+00
4.936130e+04 0.000000e+00
5.193150e+04 0.000000e+00
5.463550e+04 0.000000e+00
5.748030e+04 0.000000e+00
6.047320e+04 0.000000e+00
6.362200e+04 0.000000e+00
6.693470e+04 0.000000e+00
7.041990e+04 0.000000e+00
7.408660e+04 0.000000e+00
7.794420e+04 0.000000e+00
8.200260e+04 0.000000e+00
8.627240e+04 0.000000e+00
9.076450e+04 0.000000e+00
9.549040e+04 0.000000e+00
1.004630e+05 0.000000e+00
1.056930e+05 0.000000e+00
1.111970e+05 0.000000e+00
1.169870e+05 0.000000e+00
1.230780e+05 0.000000e+00
1.294860e+05 0.000000e+00
1.362290e+05 0.000000e+00
1.433220e+05 0.000000e+00
1.507850e+05 0.000000e+00
1.586360e+05 0.000000e+00
1.668960e+05 0.000000e+00
1.755860e+05 0.000000e+00
1.847280e+05 0.000000e+00
1.943470e+05 0.000000e+00
2.044660e+05 0.000000e+00
2.151120e+05 0.000000e+00
2.263130e+05 0.000000e+00
2.380970e+05 0.000000e+00
2.504940e+05 0.000000e+00
2.635370e+05 0.000000e+00
2.772590e+05 0.000000e+00
2.916960e+05 0.000000e+00
3.068840e+05 0.000000e+00
3.228630e+05 0.000000e+00
3.396740e+05 0.000000e+00
3.573600e+05 0.000000e+00
3.759670e+05 0.000000e+00
3.955440e+05 0.000000e+00
4.161390e+05 0.000000e+00
4.378070e+05 0.000000e+00
4.606030e+05 0.000000e+00
4.845860e+05 0.000000e+00
5.098180e+05 0.000000e+00
5.363630e+05 0.000000e+00
5.642910e+05 0.000000e+00
5.936730e+05 0.000000e+00
6.245840e+05 0.000000e+00
6.571060e+05 0.000000e+00
6.913200e+05 0.000000e+00
7.273170e+05 0.000000e+00
7.651870e+05 0.000000e+00
8.050290e+05 0.000000e+00
8.469460e+05 0.000000e+00
8.910450e+05 0.000000e+00
9.374410e+05 0.000000e+00
9.862520e+05 0.000000e+00
1.037610e+06 0.000000e+00
1.091630e+06 0.000000e+00
1.148470e+06 0.000000e+00
1.208270e+06 0.000000e+00
1.271180e+06 0.000000e+00
1.337370e+06 0.000000e+00
1.407010e+06 0.000000e+00
1.480270e+06 0.000000e+00
1.557340e+06 0.000000e+00
1.638430e+06 0.000000e+00
1.723740e+06 0.000000e+00
1.813500e+06 0.000000e+00
1.907920e+06 0.000000e+00
2.007270e+06 0.000000e+00
2.111780e+06 0.000000e+00
2.221740e+06 0.000000e+00
2.337420e+06 0.000000e+00
2.459130e+06 0.000000e+00
2.587170e+06 0.000000e+00
2.721880e+06 0.000000e+00
2.863610e+06 0.000000e+00
3.012710e+06 0.000000e+00
3.169580e+06 0.000000e+00
3.334620e+06 0.000000e+00
3.508250e+06 0.000000e+00
3.690920e+06 0.000000e+00
3.883100e+06 0.000000e+00
4.085290e+06 0.000000e+00
4.298000e+06 0.000000e+00
4.521790e+06 0.000000e+00
4.757240e+06 0.000000e+00
5.004940e+06 0.000000e+00
5.265540e+06 0.000000e+00
5.539710e+06 0.000000e+00
5.828150e+06 0.000000e+00
6.131620e+06 0.000000e+00
6.450880e+06 0.000000e+00
6.786770e+06 0.000000e+00
7.140150e+06 0.000000e+00
7.511930e+06 0.000000e+00
7.903070e+06 0.000000e+00
8.314570e+06 0.000000e+00
8.747500e+06 0.000000e+00
9.202970e+06 0.000000e+00
9.682150e+06 0.000000e+00
1.018630e+07 0.000000e+00
1.071670e+07 0.000000e+00
1.127470e+07 0.000000e+00
1.186170e+07 0.000000e+00
1.247940e+07 0.000000e+00
1.312910e+07 0.000000e+00
1.381280e+07 0.000000e+00
1.453200e+07 0.000000e+00
1.528860e+07 0.000000e+00
1.608470e+07 0.000000e+00
1.692220e+07 0.000000e+00
1.780330e+07 0.000000e+00
1.873030e+07 0.000000e+00
1.970560e+07 0.000000e+00
2.073160e+07 0.000000e+00
2.181110e+07 0.000000e+00
2.294680e+07 0.000000e+00
2.414160e+07 0.000000e+00
2.539860e+07 0.000000e+00
2.672110e+07 0.000000e+00
2.811240e+07 0.000000e+00
2.957620e+07 0.000000e+00
3.111620e+07 0.000000e+00
3.273630e+07 0.000000e+00
3.444090e+07 0.000000e+00
3.623420e+07 0.000000e+00
3.812080e+07 0.000000e+00
4.010570e+07 0.000000e+00
4.219400e+07 0.000000e+00
4.439100e+07 0.000000e+00
4.670230e+07 0.000000e+00
4.913410e+07 0.000000e+00
5.169240e+07 0.000000e+00
5.438400e+07 0.000000e+00
5.721570e+07 0.000000e+00
6.019480e+07 0.000000e+00
6.332910e+07 0.000000e+00
6.662650e+07 0.000000e+00
7.009570e+07 0.000000e+00
7.374550e+07 0.000000e+00
7.758530e+07 0.000000e+00
8.162510e+07 0.000000e+00
8.587520e+07 0.000000e+00
9.034660e+07 0.000000e+00
9.505080e+07 0.000000e+00
1.000000e+08 0.000000e+00
