# Mean mass (g): 3.04e+15
1 2.012595e+15
2 2.246558e+15
3 2.258455e+15
4 2.258455e+15
5 2.262420e+15
6 2.329833e+15
7 2.333799e+15
8 2.337764e+15
9 2.349661e+15
10 2.357592e+15
11 2.373454e+15
12 2.381385e+15
13 2.381385e+15
14 2.389316e+15
15 2.393281e+15
16 2.397247e+15
17 2.405177e+15
18 2.413108e+15
19 2.421039e+15
20 2.428970e+15
21 2.428970e+15
22 2.436901e+15
23 2.440867e+15
24 2.444832e+15
25 2.448798e+15
26 2.452763e+15
27 2.456729e+15
28 2.460694e+15
29 2.460694e+15
30 2.472591e+15
31 2.476556e+15
32 2.476556e+15
33 2.476556e+15
34 2.480522e+15
35 2.488453e+15
36 2.496384e+15
37 2.500349e+15
38 2.500349e+15
39 2.500349e+15
40 2.504315e+15
41 2.512246e+15
42 2.528107e+15
43 2.532073e+15
44 2.532073e+15
45 2.543969e+15
46 2.543969e+15
47 2.543969e+15
48 2.547935e+15
49 2.547935e+15
50 2.551900e+15
51 2.551900e+15
52 2.551900e+15
53 2.555866e+15
54 2.555866e+15
55 2.559831e+15
56 2.559831e+15
57 2.563797e+15
58 2.563797e+15
59 2.563797e+15
60 2.563797e+15
61 2.567762e+15
62 2.579659e+15
63 2.583624e+15
64 2.583624e+15
65 2.583624e+15
66 2.583624e+15
67 2.587590e+15
68 2.591555e+15
69 2.591555e+15
70 2.591555e+15
71 2.591555e+15
72 2.595521e+15
73 2.595521e+15
74 2.599486e+15
75 2.599486e+15
76 2.599486e+15
77 2.603452e+15
78 2.607417e+15
79 2.611383e+15
80 2.611383e+15
81 2.611383e+15
82 2.619314e+15
83 2.623279e+15
84 2.627245e+15
85 2.627245e+15
86 2.627245e+15
87 2.631210e+15
88 2.631210e+15
89 2.631210e+15
90 2.635176e+15
91 2.635176e+15
92 2.635176e+15
93 2.639141e+15
94 2.639141e+15
95 2.643106e+15
96 2.643106e+15
97 2.647072e+15
98 2.647072e+15
99 2.651037e+15
100 2.655003e+15
101 2.655003e+15
102 2.658968e+15
103 2.658968e+15
104 2.658968e+15
105 2.658968e+15
106 2.658968e+15
107 2.658968e+15
108 2.662934e+15
109 2.662934e+15
110 2.662934e+15
111 2.662934e+15
112 2.666899e+15
113 2.666899e+15
114 2.670865e+15
115 2.670865e+15
116 2.674830e+15
117 2.674830e+15
118 2.674830e+15
119 2.678796e+15
120 2.678796e+15
121 2.678796e+15
122 2.682761e+15
123 2.686727e+15
124 2.686727e+15
125 2.690692e+15
126 2.690692e+15
127 2.690692e+15
128 2.690692e+15
129 2.694658e+15
130 2.694658e+15
131 2.694658e+15
132 2.698623e+15
133 2.698623e+15
134 2.698623e+15
135 2.702589e+15
136 2.706554e+15
137 2.706554e+15
138 2.706554e+15
139 2.714485e+15
140 2.714485e+15
141 2.718451e+15
142 2.718451e+15
143 2.718451e+15
144 2.718451e+15
145 2.718451e+15
146 2.718451e+15
147 2.722416e+15
148 2.722416e+15
149 2.726382e+15
150 2.726382e+15
151 2.726382e+15
152 2.726382e+15
153 2.726382e+15
154 2.730347e+15
155 2.730347e+15
156 2.730347e+15
157 2.734313e+15
158 2.734313e+15
159 2.734313e+15
160 2.734313e+15
161 2.734313e+15
162 2.738278e+15
163 2.738278e+15
164 2.738278e+15
165 2.738278e+15
166 2.742244e+15
167 2.746209e+15
168 2.746209e+15
169 2.746209e+15
170 2.750175e+15
171 2.750175e+15
172 2.754140e+15
173 2.754140e+15
174 2.754140e+15
175 2.754140e+15
176 2.758106e+15
177 2.758106e+15
178 2.758106e+15
179 2.758106e+15
180 2.762071e+15
181 2.762071e+15
182 2.762071e+15
183 2.762071e+15
184 2.762071e+15
185 2.766036e+15
186 2.766036e+15
187 2.766036e+15
188 2.766036e+15
189 2.766036e+15
190 2.770002e+15
191 2.770002e+15
192 2.770002e+15
193 2.770002e+15
194 2.770002e+15
195 2.773967e+15
196 2.773967e+15
197 2.773967e+15
198 2.773967e+15
199 2.773967e+15
200 2.777933e+15
201 2.777933e+15
202 2.777933e+15
203 2.781898e+15
204 2.781898e+15
205 2.781898e+15
206 2.781898e+15
207 2.781898e+15
208 2.781898e+15
209 2.785864e+15
210 2.785864e+15
211 2.785864e+15
212 2.785864e+15
213 2.785864e+15
214 2.789829e+15
215 2.789829e+15
216 2.793795e+15
217 2.793795e+15
218 2.793795e+15
219 2.793795e+15
220 2.793795e+15
221 2.793795e+15
222 2.797760e+15
223 2.801726e+15
224 2.801726e+15
225 2.801726e+15
226 2.801726e+15
227 2.801726e+15
228 2.805691e+15
229 2.805691e+15
230 2.805691e+15
231 2.809657e+15
232 2.809657e+15
233 2.813622e+15
234 2.813622e+15
235 2.813622e+15
236 2.813622e+15
237 2.817588e+15
238 2.821553e+15
239 2.821553e+15
240 2.821553e+15
241 2.821553e+15
242 2.821553e+15
243 2.825519e+15
244 2.825519e+15
245 2.825519e+15
246 2.825519e+15
247 2.825519e+15
248 2.825519e+15
249 2.829484e+15
250 2.829484e+15
251 2.829484e+15
252 2.829484e+15
253 2.829484e+15
254 2.829484e+15
255 2.833450e+15
256 2.833450e+15
257 2.833450e+15
258 2.833450e+15
259 2.837415e+15
260 2.837415e+15
261 2.837415e+15
262 2.837415e+15
263 2.837415e+15
264 2.841381e+15
265 2.841381e+15
266 2.841381e+15
267 2.845346e+15
268 2.845346e+15
269 2.845346e+15
270 2.845346e+15
271 2.849312e+15
272 2.849312e+15
273 2.849312e+15
274 2.853277e+15
275 2.853277e+15
276 2.853277e+15
277 2.857243e+15
278 2.857243e+15
279 2.857243e+15
280 2.861208e+15
281 2.861208e+15
282 2.861208e+15
283 2.861208e+15
284 2.861208e+15
285 2.861208e+15
286 2.861208e+15
287 2.861208e+15
288 2.861208e+15
289 2.865174e+15
290 2.865174e+15
291 2.865174e+15
292 2.865174e+15
293 2.869139e+15
294 2.869139e+15
295 2.869139e+15
296 2.869139e+15
297 2.873105e+15
298 2.873105e+15
299 2.877070e+15
300 2.877070e+15
301 2.881035e+15
302 2.881035e+15
303 2.881035e+15
304 2.885001e+15
305 2.885001e+15
306 2.885001e+15
307 2.885001e+15
308 2.885001e+15
309 2.885001e+15
310 2.885001e+15
311 2.885001e+15
312 2.888966e+15
313 2.888966e+15
314 2.888966e+15
315 2.888966e+15
316 2.888966e+15
317 2.892932e+15
318 2.892932e+15
319 2.892932e+15
320 2.892932e+15
321 2.892932e+15
322 2.896897e+15
323 2.896897e+15
324 2.896897e+15
325 2.896897e+15
326 2.896897e+15
327 2.900863e+15
328 2.900863e+15
329 2.900863e+15
330 2.900863e+15
331 2.904828e+15
332 2.904828e+15
333 2.904828e+15
334 2.904828e+15
335 2.904828e+15
336 2.904828e+15
337 2.904828e+15
338 2.904828e+15
339 2.904828e+15
340 2.908794e+15
341 2.908794e+15
342 2.908794e+15
343 2.908794e+15
344 2.908794e+15
345 2.908794e+15
346 2.908794e+15
347 2.912759e+15
348 2.912759e+15
349 2.912759e+15
350 2.916725e+15
351 2.916725e+15
352 2.916725e+15
353 2.920690e+15
354 2.920690e+15
355 2.920690e+15
356 2.920690e+15
357 2.920690e+15
358 2.920690e+15
359 2.924656e+15
360 2.924656e+15
361 2.924656e+15
362 2.924656e+15
363 2.924656e+15
364 2.928621e+15
365 2.928621e+15
366 2.928621e+15
367 2.928621e+15
368 2.928621e+15
369 2.928621e+15
370 2.932587e+15
371 2.932587e+15
372 2.932587e+15
373 2.932587e+15
374 2.932587e+15
375 2.932587e+15
376 2.936552e+15
377 2.936552e+15
378 2.936552e+15
379 2.936552e+15
380 2.936552e+15
381 2.936552e+15
382 2.936552e+15
383 2.936552e+15
384 2.936552e+15
385 2.940518e+15
386 2.940518e+15
387 2.940518e+15
388 2.940518e+15
389 2.940518e+15
390 2.944483e+15
391 2.944483e+15
392 2.944483e+15
393 2.944483e+15
394 2.944483e+15
395 2.944483e+15
396 2.948449e+15
397 2.948449e+15
398 2.948449e+15
399 2.948449e+15
400 2.948449e+15
401 2.952414e+15
402 2.952414e+15
403 2.956380e+15
404 2.956380e+15
405 2.956380e+15
406 2.956380e+15
407 2.956380e+15
408 2.956380e+15
409 2.960345e+15
410 2.960345e+15
411 2.960345e+15
412 2.960345e+15
413 2.960345e+15
414 2.960345e+15
415 2.960345e+15
416 2.964311e+15
417 2.964311e+15
418 2.964311e+15
419 2.968276e+15
420 2.968276e+15
421 2.968276e+15
422 2.968276e+15
423 2.968276e+15
424 2.972242e+15
425 2.972242e+15
426 2.972242e+15
427 2.972242e+15
428 2.976207e+15
429 2.976207e+15
430 2.976207e+15
431 2.976207e+15
432 2.976207e+15
433 2.980173e+15
434 2.980173e+15
435 2.980173e+15
436 2.984138e+15
437 2.984138e+15
438 2.984138e+15
439 2.984138e+15
440 2.984138e+15
441 2.984138e+15
442 2.984138e+15
443 2.984138e+15
444 2.988104e+15
445 2.988104e+15
446 2.988104e+15
447 2.988104e+15
448 2.992069e+15
449 2.992069e+15
450 2.992069e+15
451 2.992069e+15
452 2.992069e+15
453 2.996035e+15
454 2.996035e+15
455 2.996035e+15
456 2.996035e+15
457 2.996035e+15
458 2.996035e+15
459 2.996035e+15
460 2.996035e+15
461 2.996035e+15
462 3.000000e+15
463 3.000000e+15
464 3.000000e+15
465 3.000000e+15
466 3.000000e+15
467 3.000000e+15
468 3.000000e+15
469 3.003965e+15
470 3.003965e+15
471 3.003965e+15
472 3.007931e+15
473 3.011896e+15
474 3.011896e+15
475 3.011896e+15
476 3.011896e+15
477 3.011896e+15
478 3.015862e+15
479 3.015862e+15
480 3.015862e+15
481 3.015862e+15
482 3.015862e+15
483 3.015862e+15
484 3.015862e+15
485 3.015862e+15
486 3.019827e+15
487 3.019827e+15
488 3.019827e+15
489 3.019827e+15
490 3.019827e+15
491 3.019827e+15
492 3.023793e+15
493 3.023793e+15
494 3.023793e+15
495 3.023793e+15
496 3.023793e+15
497 3.023793e+15
498 3.023793e+15
499 3.023793e+15
500 3.027758e+15
501 3.027758e+15
502 3.027758e+15
503 3.027758e+15
504 3.027758e+15
505 3.027758e+15
506 3.027758e+15
507 3.031724e+15
508 3.031724e+15
509 3.031724e+15
510 3.031724e+15
511 3.031724e+15
512 3.035689e+15
513 3.035689e+15
514 3.035689e+15
515 3.035689e+15
516 3.035689e+15
517 3.035689e+15
518 3.039655e+15
519 3.039655e+15
520 3.039655e+15
521 3.039655e+15
522 3.043620e+15
523 3.043620e+15
524 3.043620e+15
525 3.043620e+15
526 3.043620e+15
527 3.047586e+15
528 3.047586e+15
529 3.051551e+15
530 3.051551e+15
531 3.051551e+15
532 3.055517e+15
533 3.055517e+15
534 3.055517e+15
535 3.055517e+15
536 3.055517e+15
537 3.055517e+15
538 3.055517e+15
539 3.059482e+15
540 3.059482e+15
541 3.059482e+15
542 3.059482e+15
543 3.059482e+15
544 3.063448e+15
545 3.063448e+15
546 3.067413e+15
547 3.067413e+15
548 3.067413e+15
549 3.067413e+15
550 3.067413e+15
551 3.067413e+15
552 3.067413e+15
553 3.071379e+15
554 3.071379e+15
555 3.071379e+15
556 3.071379e+15
557 3.075344e+15
558 3.075344e+15
559 3.075344e+15
560 3.075344e+15
561 3.075344e+15
562 3.075344e+15
563 3.075344e+15
564 3.079310e+15
565 3.079310e+15
566 3.079310e+15
567 3.083275e+15
568 3.083275e+15
569 3.083275e+15
570 3.083275e+15
571 3.083275e+15
572 3.087241e+15
573 3.087241e+15
574 3.087241e+15
575 3.087241e+15
576 3.087241e+15
577 3.087241e+15
578 3.091206e+15
579 3.091206e+15
580 3.091206e+15
581 3.091206e+15
582 3.091206e+15
583 3.091206e+15
584 3.091206e+15
585 3.095172e+15
586 3.095172e+15
587 3.095172e+15
588 3.095172e+15
589 3.095172e+15
590 3.099137e+15
591 3.099137e+15
592 3.099137e+15
593 3.103103e+15
594 3.103103e+15
595 3.103103e+15
596 3.103103e+15
597 3.107068e+15
598 3.107068e+15
599 3.107068e+15
600 3.107068e+15
601 3.107068e+15
602 3.111034e+15
603 3.111034e+15
604 3.111034e+15
605 3.111034e+15
606 3.114999e+15
607 3.114999e+15
608 3.114999e+15
609 3.118965e+15
610 3.118965e+15
611 3.118965e+15
612 3.118965e+15
613 3.118965e+15
614 3.122930e+15
615 3.122930e+15
616 3.122930e+15
617 3.122930e+15
618 3.122930e+15
619 3.122930e+15
620 3.126895e+15
621 3.126895e+15
622 3.126895e+15
623 3.126895e+15
624 3.126895e+15
625 3.126895e+15
626 3.126895e+15
627 3.126895e+15
628 3.130861e+15
629 3.130861e+15
630 3.130861e+15
631 3.134826e+15
632 3.134826e+15
633 3.138792e+15
634 3.138792e+15
635 3.138792e+15
636 3.138792e+15
637 3.138792e+15
638 3.142757e+15
639 3.142757e+15
640 3.142757e+15
641 3.142757e+15
642 3.146723e+15
643 3.146723e+15
644 3.146723e+15
645 3.146723e+15
646 3.146723e+15
647 3.146723e+15
648 3.146723e+15
649 3.146723e+15
650 3.146723e+15
651 3.146723e+15
652 3.150688e+15
653 3.150688e+15
654 3.150688e+15
655 3.150688e+15
656 3.150688e+15
657 3.154654e+15
658 3.154654e+15
659 3.154654e+15
660 3.154654e+15
661 3.154654e+15
662 3.158619e+15
663 3.158619e+15
664 3.158619e+15
665 3.158619e+15
666 3.158619e+15
667 3.158619e+15
668 3.162585e+15
669 3.162585e+15
670 3.162585e+15
671 3.166550e+15
672 3.166550e+15
673 3.166550e+15
674 3.166550e+15
675 3.166550e+15
676 3.170516e+15
677 3.170516e+15
678 3.170516e+15
679 3.170516e+15
680 3.170516e+15
681 3.170516e+15
682 3.170516e+15
683 3.174481e+15
684 3.174481e+15
685 3.174481e+15
686 3.174481e+15
687 3.174481e+15
688 3.174481e+15
689 3.178447e+15
690 3.178447e+15
691 3.178447e+15
692 3.182412e+15
693 3.182412e+15
694 3.182412e+15
695 3.182412e+15
696 3.182412e+15
697 3.190343e+15
698 3.190343e+15
699 3.190343e+15
700 3.190343e+15
701 3.194309e+15
702 3.194309e+15
703 3.194309e+15
704 3.194309e+15
705 3.198274e+15
706 3.198274e+15
707 3.202240e+15
708 3.202240e+15
709 3.202240e+15
710 3.206205e+15
711 3.206205e+15
712 3.206205e+15
713 3.206205e+15
714 3.206205e+15
715 3.210171e+15
716 3.210171e+15
717 3.210171e+15
718 3.210171e+15
719 3.214136e+15
720 3.214136e+15
721 3.214136e+15
722 3.214136e+15
723 3.214136e+15
724 3.214136e+15
725 3.222067e+15
726 3.222067e+15
727 3.222067e+15
728 3.222067e+15
729 3.226033e+15
730 3.226033e+15
731 3.226033e+15
732 3.229998e+15
733 3.229998e+15
734 3.229998e+15
735 3.229998e+15
736 3.233964e+15
737 3.233964e+15
738 3.233964e+15
739 3.233964e+15
740 3.233964e+15
741 3.233964e+15
742 3.237929e+15
743 3.237929e+15
744 3.237929e+15
745 3.237929e+15
746 3.237929e+15
747 3.237929e+15
748 3.237929e+15
749 3.241894e+15
750 3.241894e+15
751 3.245860e+15
752 3.245860e+15
753 3.249825e+15
754 3.249825e+15
755 3.249825e+15
756 3.249825e+15
757 3.253791e+15
758 3.253791e+15
759 3.253791e+15
760 3.257756e+15
761 3.257756e+15
762 3.257756e+15
763 3.261722e+15
764 3.261722e+15
765 3.261722e+15
766 3.261722e+15
767 3.261722e+15
768 3.265687e+15
769 3.265687e+15
770 3.265687e+15
771 3.269653e+15
772 3.269653e+15
773 3.269653e+15
774 3.273618e+15
775 3.273618e+15
776 3.273618e+15
777 3.273618e+15
778 3.273618e+15
779 3.277584e+15
780 3.277584e+15
781 3.277584e+15
782 3.281549e+15
783 3.281549e+15
784 3.281549e+15
785 3.281549e+15
786 3.281549e+15
787 3.281549e+15
788 3.285515e+15
789 3.285515e+15
790 3.285515e+15
791 3.285515e+15
792 3.289480e+15
793 3.289480e+15
794 3.289480e+15
795 3.293446e+15
796 3.293446e+15
797 3.293446e+15
798 3.293446e+15
799 3.297411e+15
800 3.305342e+15
801 3.305342e+15
802 3.309308e+15
803 3.309308e+15
804 3.313273e+15
805 3.313273e+15
806 3.313273e+15
807 3.313273e+15
808 3.313273e+15
809 3.313273e+15
810 3.313273e+15
811 3.313273e+15
812 3.313273e+15
813 3.317239e+15
814 3.317239e+15
815 3.321204e+15
816 3.321204e+15
817 3.325170e+15
818 3.325170e+15
819 3.325170e+15
820 3.325170e+15
821 3.325170e+15
822 3.329135e+15
823 3.329135e+15
824 3.329135e+15
825 3.329135e+15
826 3.337066e+15
827 3.337066e+15
828 3.337066e+15
829 3.341032e+15
830 3.344997e+15
831 3.344997e+15
832 3.344997e+15
833 3.344997e+15
834 3.344997e+15
835 3.348963e+15
836 3.348963e+15
837 3.348963e+15
838 3.348963e+15
839 3.348963e+15
840 3.348963e+15
841 3.356894e+15
842 3.356894e+15
843 3.360859e+15
844 3.364824e+15
845 3.364824e+15
846 3.364824e+15
847 3.368790e+15
848 3.368790e+15
849 3.368790e+15
850 3.372755e+15
851 3.376721e+15
852 3.380686e+15
853 3.380686e+15
854 3.380686e+15
855 3.380686e+15
856 3.384652e+15
857 3.384652e+15
858 3.388617e+15
859 3.388617e+15
860 3.388617e+15
861 3.392583e+15
862 3.392583e+15
863 3.392583e+15
864 3.392583e+15
865 3.392583e+15
866 3.396548e+15
867 3.400514e+15
868 3.400514e+15
869 3.400514e+15
870 3.400514e+15
871 3.400514e+15
872 3.408445e+15
873 3.408445e+15
874 3.408445e+15
875 3.408445e+15
876 3.408445e+15
877 3.412410e+15
878 3.412410e+15
879 3.412410e+15
880 3.412410e+15
881 3.412410e+15
882 3.416376e+15
883 3.416376e+15
884 3.416376e+15
885 3.420341e+15
886 3.420341e+15
887 3.420341e+15
888 3.420341e+15
889 3.424307e+15
890 3.424307e+15
891 3.428272e+15
892 3.428272e+15
893 3.428272e+15
894 3.432238e+15
895 3.432238e+15
896 3.436203e+15
897 3.436203e+15
898 3.448100e+15
899 3.448100e+15
900 3.448100e+15
901 3.459996e+15
902 3.463962e+15
903 3.463962e+15
904 3.463962e+15
905 3.467927e+15
906 3.467927e+15
907 3.475858e+15
908 3.475858e+15
909 3.483789e+15
910 3.483789e+15
911 3.483789e+15
912 3.487754e+15
913 3.487754e+15
914 3.499651e+15
915 3.503616e+15
916 3.511547e+15
917 3.511547e+15
918 3.515513e+15
919 3.515513e+15
920 3.515513e+15
921 3.519478e+15
922 3.523444e+15
923 3.523444e+15
924 3.523444e+15
925 3.527409e+15
926 3.527409e+15
927 3.535340e+15
928 3.539306e+15
929 3.539306e+15
930 3.539306e+15
931 3.543271e+15
932 3.547237e+15
933 3.551202e+15
934 3.551202e+15
935 3.555168e+15
936 3.555168e+15
937 3.559133e+15
938 3.567064e+15
939 3.567064e+15
940 3.574995e+15
941 3.578961e+15
942 3.578961e+15
943 3.582926e+15
944 3.582926e+15
945 3.582926e+15
946 3.586892e+15
947 3.586892e+15
948 3.590857e+15
949 3.590857e+15
950 3.606719e+15
951 3.618615e+15
952 3.618615e+15
953 3.626546e+15
954 3.626546e+15
955 3.630512e+15
956 3.634477e+15
957 3.634477e+15
958 3.638443e+15
959 3.642408e+15
960 3.658270e+15
961 3.662236e+15
962 3.662236e+15
963 3.662236e+15
964 3.670167e+15
965 3.670167e+15
966 3.674132e+15
967 3.674132e+15
968 3.674132e+15
969 3.674132e+15
970 3.678098e+15
971 3.686029e+15
972 3.686029e+15
973 3.686029e+15
974 3.689994e+15
975 3.689994e+15
976 3.697925e+15
977 3.701891e+15
978 3.705856e+15
979 3.709822e+15
980 3.709822e+15
981 3.713787e+15
982 3.729649e+15
983 3.733614e+15
984 3.733614e+15
985 3.733614e+15
986 3.777235e+15
987 3.789131e+15
988 3.789131e+15
989 3.801028e+15
990 3.808959e+15
991 3.832752e+15
992 3.836717e+15
993 3.844648e+15
994 3.856544e+15
995 3.888268e+15
996 3.912061e+15
997 3.935854e+15
998 3.943785e+15
999 4.074646e+15
1000 4.153956e+15
