# Mean mass (g): 1.25e+23
1 6.525775e+14
2 8.070646e+14
3 1.105423e+15
4 2.331582e+15
5 3.108809e+15
6 4.335874e+15
7 5.500666e+15
8 7.774927e+15
9 9.499664e+15
10 1.297749e+16
11 1.411822e+16
12 1.413650e+16
13 2.116324e+16
14 2.352008e+16
15 2.427020e+16
16 2.597288e+16
17 2.698388e+16
18 2.737765e+16
19 3.048710e+16
20 4.502518e+16
21 5.847512e+16
22 6.058408e+16
23 6.152611e+16
24 6.191399e+16
25 6.291340e+16
26 6.294268e+16
27 6.520754e+16
28 6.744598e+16
29 7.700405e+16
30 7.921813e+16
31 8.045653e+16
32 8.048367e+16
33 8.367222e+16
34 8.694175e+16
35 8.779043e+16
36 8.891622e+16
37 8.951176e+16
38 9.001373e+16
39 9.197127e+16
40 9.357183e+16
41 1.083027e+17
42 1.097053e+17
43 1.105194e+17
44 1.128533e+17
45 1.154694e+17
46 1.232170e+17
47 1.278812e+17
48 1.302986e+17
49 1.432538e+17
50 1.435276e+17
51 1.455872e+17
52 1.552345e+17
53 1.557803e+17
54 1.584461e+17
55 1.595360e+17
56 1.597557e+17
57 1.651531e+17
58 1.734499e+17
59 1.739728e+17
60 1.772006e+17
61 1.829297e+17
62 1.837830e+17
63 1.941568e+17
64 1.982511e+17
65 2.041763e+17
66 2.129010e+17
67 2.189357e+17
68 2.225381e+17
69 2.235048e+17
70 2.246617e+17
71 2.257956e+17
72 2.307676e+17
73 2.482795e+17
74 2.522778e+17
75 2.526368e+17
76 2.567246e+17
77 2.578169e+17
78 2.626891e+17
79 2.691369e+17
80 2.735552e+17
81 2.795080e+17
82 2.907064e+17
83 2.907455e+17
84 2.923983e+17
85 3.018109e+17
86 3.039101e+17
87 3.065501e+17
88 3.152003e+17
89 3.224211e+17
90 3.307275e+17
91 3.318284e+17
92 3.532285e+17
93 3.594630e+17
94 3.594640e+17
95 3.720026e+17
96 4.035031e+17
97 4.108518e+17
98 4.287284e+17
99 4.489545e+17
100 4.673664e+17
101 4.741360e+17
102 4.819575e+17
103 4.854476e+17
104 4.898633e+17
105 4.901109e+17
106 4.962837e+17
107 5.212888e+17
108 5.217731e+17
109 5.219208e+17
110 5.304856e+17
111 5.555242e+17
112 5.712432e+17
113 5.737113e+17
114 6.413109e+17
115 6.426616e+17
116 6.530205e+17
117 6.789777e+17
118 6.801271e+17
119 6.893567e+17
120 7.037163e+17
121 7.270103e+17
122 7.507647e+17
123 7.544445e+17
124 7.627109e+17
125 8.222343e+17
126 8.393632e+17
127 8.434864e+17
128 8.473209e+17
129 8.551227e+17
130 8.789243e+17
131 8.927247e+17
132 9.509850e+17
133 9.546503e+17
134 9.742642e+17
135 9.924391e+17
136 1.026269e+18
137 1.060690e+18
138 1.129547e+18
139 1.147030e+18
140 1.159400e+18
141 1.162987e+18
142 1.163316e+18
143 1.178050e+18
144 1.203618e+18
145 1.211150e+18
146 1.218532e+18
147 1.248355e+18
148 1.304516e+18
149 1.309127e+18
150 1.331440e+18
151 1.399832e+18
152 1.413676e+18
153 1.437537e+18
154 1.446051e+18
155 1.490925e+18
156 1.521013e+18
157 1.528974e+18
158 1.540280e+18
159 1.571567e+18
160 1.606384e+18
161 1.635270e+18
162 1.670064e+18
163 1.690379e+18
164 1.702357e+18
165 1.706642e+18
166 1.708619e+18
167 1.722156e+18
168 1.735714e+18
169 1.737907e+18
170 1.766563e+18
171 1.769611e+18
172 1.787959e+18
173 1.801619e+18
174 1.808944e+18
175 1.854343e+18
176 1.889475e+18
177 1.976125e+18
178 2.000395e+18
179 2.017793e+18
180 2.046534e+18
181 2.083155e+18
182 2.117594e+18
183 2.143742e+18
184 2.215554e+18
185 2.259537e+18
186 2.265255e+18
187 2.325400e+18
188 2.342828e+18
189 2.414942e+18
190 2.415809e+18
191 2.481642e+18
192 2.553533e+18
193 2.579289e+18
194 2.581064e+18
195 2.583757e+18
196 2.606655e+18
197 2.620928e+18
198 2.638847e+18
199 2.639333e+18
200 2.664302e+18
201 2.685625e+18
202 2.700781e+18
203 2.700850e+18
204 2.709269e+18
205 2.730487e+18
206 2.884304e+18
207 2.988145e+18
208 2.995874e+18
209 3.006907e+18
210 3.017787e+18
211 3.264994e+18
212 3.358963e+18
213 3.542357e+18
214 3.553900e+18
215 3.563345e+18
216 3.568599e+18
217 3.568809e+18
218 3.580588e+18
219 3.585569e+18
220 3.659850e+18
221 3.785236e+18
222 3.793951e+18
223 3.894199e+18
224 4.118843e+18
225 4.235191e+18
226 4.287473e+18
227 4.287879e+18
228 4.371048e+18
229 4.449010e+18
230 4.462287e+18
231 4.469368e+18
232 4.481613e+18
233 4.504221e+18
234 4.522757e+18
235 4.578231e+18
236 4.628764e+18
237 4.673939e+18
238 4.717821e+18
239 4.756955e+18
240 4.801130e+18
241 4.870874e+18
242 4.910482e+18
243 5.072766e+18
244 5.120364e+18
245 5.137590e+18
246 5.164893e+18
247 5.209485e+18
248 5.259942e+18
249 5.507036e+18
250 5.518280e+18
251 5.526056e+18
252 5.547094e+18
253 5.626102e+18
254 5.657529e+18
255 5.657882e+18
256 5.750541e+18
257 5.939903e+18
258 5.973384e+18
259 6.180403e+18
260 6.279547e+18
261 6.343864e+18
262 6.372578e+18
263 6.429140e+18
264 6.490803e+18
265 6.611906e+18
266 6.859139e+18
267 7.018707e+18
268 7.157774e+18
269 7.268172e+18
270 7.304620e+18
271 7.841788e+18
272 8.345022e+18
273 8.421523e+18
274 8.492666e+18
275 8.568291e+18
276 8.656916e+18
277 8.684518e+18
278 8.786362e+18
279 8.864998e+18
280 8.907148e+18
281 9.348748e+18
282 9.375549e+18
283 9.531394e+18
284 9.632825e+18
285 9.849097e+18
286 9.897662e+18
287 1.020406e+19
288 1.021451e+19
289 1.023551e+19
290 1.028482e+19
291 1.046829e+19
292 1.054208e+19
293 1.069714e+19
294 1.109178e+19
295 1.121442e+19
296 1.145658e+19
297 1.159742e+19
298 1.164627e+19
299 1.180887e+19
300 1.181808e+19
301 1.187855e+19
302 1.200211e+19
303 1.218790e+19
304 1.229318e+19
305 1.231605e+19
306 1.248291e+19
307 1.267822e+19
308 1.268818e+19
309 1.296175e+19
310 1.310138e+19
311 1.332504e+19
312 1.353167e+19
313 1.353919e+19
314 1.366404e+19
315 1.399273e+19
316 1.405908e+19
317 1.412046e+19
318 1.413008e+19
319 1.422606e+19
320 1.449178e+19
321 1.482986e+19
322 1.488142e+19
323 1.494618e+19
324 1.500257e+19
325 1.524798e+19
326 1.528028e+19
327 1.534477e+19
328 1.538586e+19
329 1.588573e+19
330 1.646010e+19
331 1.674954e+19
332 1.684731e+19
333 1.685191e+19
334 1.686581e+19
335 1.689377e+19
336 1.712140e+19
337 1.735048e+19
338 1.735998e+19
339 1.751054e+19
340 1.760693e+19
341 1.774607e+19
342 1.811944e+19
343 1.833350e+19
344 1.834125e+19
345 1.867982e+19
346 1.923786e+19
347 1.965340e+19
348 1.968173e+19
349 1.989411e+19
350 2.018982e+19
351 2.030343e+19
352 2.078981e+19
353 2.110728e+19
354 2.117143e+19
355 2.119781e+19
356 2.124280e+19
357 2.137143e+19
358 2.146700e+19
359 2.150460e+19
360 2.204502e+19
361 2.221175e+19
362 2.234236e+19
363 2.241012e+19
364 2.292793e+19
365 2.298694e+19
366 2.321371e+19
367 2.341575e+19
368 2.358312e+19
369 2.387402e+19
370 2.404677e+19
371 2.427163e+19
372 2.441798e+19
373 2.454291e+19
374 2.504541e+19
375 2.505072e+19
376 2.546570e+19
377 2.568308e+19
378 2.592272e+19
379 2.594528e+19
380 2.609670e+19
381 2.653872e+19
382 2.661676e+19
383 2.698403e+19
384 2.733278e+19
385 2.736437e+19
386 2.797325e+19
387 2.815968e+19
388 2.853844e+19
389 2.860203e+19
390 2.881296e+19
391 2.891280e+19
392 2.976875e+19
393 3.024876e+19
394 3.058557e+19
395 3.066981e+19
396 3.164174e+19
397 3.177820e+19
398 3.242317e+19
399 3.248925e+19
400 3.252528e+19
401 3.298966e+19
402 3.326281e+19
403 3.347781e+19
404 3.391877e+19
405 3.459268e+19
406 3.516642e+19
407 3.580842e+19
408 3.675874e+19
409 3.714985e+19
410 3.794551e+19
411 3.873977e+19
412 3.877431e+19
413 3.880992e+19
414 3.885175e+19
415 3.975309e+19
416 3.989326e+19
417 4.025443e+19
418 4.039456e+19
419 4.049541e+19
420 4.079850e+19
421 4.101043e+19
422 4.105418e+19
423 4.159262e+19
424 4.181458e+19
425 4.186986e+19
426 4.223222e+19
427 4.238279e+19
428 4.249587e+19
429 4.270554e+19
430 4.396117e+19
431 4.444073e+19
432 4.469638e+19
433 4.507122e+19
434 4.562128e+19
435 4.581086e+19
436 4.635620e+19
437 4.654731e+19
438 4.730653e+19
439 4.826084e+19
440 4.832748e+19
441 4.859734e+19
442 5.192433e+19
443 5.276586e+19
444 5.276745e+19
445 5.321382e+19
446 5.331855e+19
447 5.377908e+19
448 5.379708e+19
449 5.421293e+19
450 5.427523e+19
451 5.474728e+19
452 5.482230e+19
453 5.539603e+19
454 5.666519e+19
455 5.673891e+19
456 5.689896e+19
457 5.694711e+19
458 5.736954e+19
459 5.749340e+19
460 5.759531e+19
461 6.034906e+19
462 6.050020e+19
463 6.114791e+19
464 6.140226e+19
465 6.215461e+19
466 6.341677e+19
467 6.344715e+19
468 6.352448e+19
469 6.411530e+19
470 6.488826e+19
471 6.494134e+19
472 6.537096e+19
473 6.850038e+19
474 6.896303e+19
475 6.918518e+19
476 7.012309e+19
477 7.049291e+19
478 7.074527e+19
479 7.114201e+19
480 7.507200e+19
481 7.544858e+19
482 7.652307e+19
483 7.792709e+19
484 7.859470e+19
485 7.876087e+19
486 7.923933e+19
487 7.971942e+19
488 8.035208e+19
489 8.078635e+19
490 8.120599e+19
491 8.185683e+19
492 8.261387e+19
493 8.339663e+19
494 8.705313e+19
495 8.771611e+19
496 8.851024e+19
497 8.875542e+19
498 9.025462e+19
499 9.035374e+19
500 9.127609e+19
501 9.129309e+19
502 9.169837e+19
503 9.335064e+19
504 9.443621e+19
505 9.541950e+19
506 9.632610e+19
507 9.647465e+19
508 9.697537e+19
509 9.776261e+19
510 9.868678e+19
511 1.013848e+20
512 1.020390e+20
513 1.026206e+20
514 1.027498e+20
515 1.036444e+20
516 1.048839e+20
517 1.054511e+20
518 1.072546e+20
519 1.089290e+20
520 1.095133e+20
521 1.106889e+20
522 1.120054e+20
523 1.121463e+20
524 1.134849e+20
525 1.135848e+20
526 1.143900e+20
527 1.146943e+20
528 1.159710e+20
529 1.168635e+20
530 1.188042e+20
531 1.196988e+20
532 1.208370e+20
533 1.218386e+20
534 1.223121e+20
535 1.233566e+20
536 1.241241e+20
537 1.243342e+20
538 1.249715e+20
539 1.255290e+20
540 1.258531e+20
541 1.260068e+20
542 1.277591e+20
543 1.278473e+20
544 1.279488e+20
545 1.284305e+20
546 1.284549e+20
547 1.286106e+20
548 1.288294e+20
549 1.298854e+20
550 1.307646e+20
551 1.325728e+20
552 1.332895e+20
553 1.344301e+20
554 1.346663e+20
555 1.354264e+20
556 1.364879e+20
557 1.371840e+20
558 1.375001e+20
559 1.381910e+20
560 1.399450e+20
561 1.433430e+20
562 1.444467e+20
563 1.458909e+20
564 1.482932e+20
565 1.503641e+20
566 1.515337e+20
567 1.534725e+20
568 1.562247e+20
569 1.577486e+20
570 1.593141e+20
571 1.622184e+20
572 1.647264e+20
573 1.659158e+20
574 1.679159e+20
575 1.682369e+20
576 1.719813e+20
577 1.748546e+20
578 1.764224e+20
579 1.770207e+20
580 1.806667e+20
581 1.831710e+20
582 1.906774e+20
583 1.935811e+20
584 1.966134e+20
585 1.967102e+20
586 1.985377e+20
587 2.003743e+20
588 2.016089e+20
589 2.047660e+20
590 2.077494e+20
591 2.116271e+20
592 2.127576e+20
593 2.129508e+20
594 2.134736e+20
595 2.198876e+20
596 2.257021e+20
597 2.267311e+20
598 2.358848e+20
599 2.361671e+20
600 2.375934e+20
601 2.491245e+20
602 2.505906e+20
603 2.521090e+20
604 2.545368e+20
605 2.548711e+20
606 2.557663e+20
607 2.587257e+20
608 2.618556e+20
609 2.636481e+20
610 2.640753e+20
611 2.647106e+20
612 2.653857e+20
613 2.662768e+20
614 2.683140e+20
615 2.782353e+20
616 2.782668e+20
617 2.831636e+20
618 2.883385e+20
619 2.932129e+20
620 2.937502e+20
621 2.979161e+20
622 2.985191e+20
623 2.999585e+20
624 3.027285e+20
625 3.040739e+20
626 3.140533e+20
627 3.180967e+20
628 3.186128e+20
629 3.191981e+20
630 3.210202e+20
631 3.318497e+20
632 3.342221e+20
633 3.414336e+20
634 3.424501e+20
635 3.457929e+20
636 3.469027e+20
637 3.600078e+20
638 3.644664e+20
639 3.658591e+20
640 3.697819e+20
641 3.730958e+20
642 3.877668e+20
643 3.895351e+20
644 3.913229e+20
645 3.979702e+20
646 4.035347e+20
647 4.058632e+20
648 4.059281e+20
649 4.112620e+20
650 4.145427e+20
651 4.148117e+20
652 4.208415e+20
653 4.208995e+20
654 4.216132e+20
655 4.220093e+20
656 4.243272e+20
657 4.326313e+20
658 4.328711e+20
659 4.359436e+20
660 4.462921e+20
661 4.488005e+20
662 4.509186e+20
663 4.563712e+20
664 4.605631e+20
665 4.762317e+20
666 4.957336e+20
667 4.973411e+20
668 5.020617e+20
669 5.101029e+20
670 5.142065e+20
671 5.319102e+20
672 5.361647e+20
673 5.447446e+20
674 5.521515e+20
675 5.616459e+20
676 5.630374e+20
677 5.631123e+20
678 5.634962e+20
679 5.643081e+20
680 5.666986e+20
681 5.747042e+20
682 5.763874e+20
683 5.857951e+20
684 5.927157e+20
685 5.958867e+20
686 6.002123e+20
687 6.023090e+20
688 6.060959e+20
689 6.263665e+20
690 6.311066e+20
691 6.323442e+20
692 6.364010e+20
693 6.373513e+20
694 6.393060e+20
695 6.405499e+20
696 6.429276e+20
697 6.435651e+20
698 6.480206e+20
699 6.618604e+20
700 6.749525e+20
701 6.752675e+20
702 6.765856e+20
703 6.807342e+20
704 6.812139e+20
705 7.026400e+20
706 7.045494e+20
707 7.048509e+20
708 7.077546e+20
709 7.092132e+20
710 7.186440e+20
711 7.235587e+20
712 7.295288e+20
713 7.342926e+20
714 7.357211e+20
715 7.372439e+20
716 7.457093e+20
717 7.510313e+20
718 7.692610e+20
719 7.709776e+20
720 7.987164e+20
721 8.019960e+20
722 8.076047e+20
723 8.153287e+20
724 8.225169e+20
725 8.296936e+20
726 8.385551e+20
727 8.397613e+20
728 8.472329e+20
729 8.491386e+20
730 8.598861e+20
731 8.619980e+20
732 8.644646e+20
733 8.726626e+20
734 8.787779e+20
735 8.792762e+20
736 8.813090e+20
737 8.940462e+20
738 8.990986e+20
739 9.010156e+20
740 9.396328e+20
741 9.508195e+20
742 9.596749e+20
743 9.623617e+20
744 9.971927e+20
745 1.015790e+21
746 1.024501e+21
747 1.030373e+21
748 1.041285e+21
749 1.049861e+21
750 1.091323e+21
751 1.111200e+21
752 1.119597e+21
753 1.175880e+21
754 1.190923e+21
755 1.193531e+21
756 1.206017e+21
757 1.237945e+21
758 1.243964e+21
759 1.274748e+21
760 1.284360e+21
761 1.285493e+21
762 1.315169e+21
763 1.319838e+21
764 1.323434e+21
765 1.340594e+21
766 1.360479e+21
767 1.362445e+21
768 1.378650e+21
769 1.386053e+21
770 1.414936e+21
771 1.464660e+21
772 1.471176e+21
773 1.520565e+21
774 1.565566e+21
775 1.567701e+21
776 1.608282e+21
777 1.700462e+21
778 1.808652e+21
779 1.844010e+21
780 1.854615e+21
781 1.862511e+21
782 1.867241e+21
783 1.874149e+21
784 1.884533e+21
785 1.919388e+21
786 1.937144e+21
787 1.942494e+21
788 1.976546e+21
789 2.006020e+21
790 2.014884e+21
791 2.020681e+21
792 2.040988e+21
793 2.042319e+21
794 2.059426e+21
795 2.063080e+21
796 2.070555e+21
797 2.123741e+21
798 2.151911e+21
799 2.162636e+21
800 2.217936e+21
801 2.229363e+21
802 2.287268e+21
803 2.303718e+21
804 2.383749e+21
805 2.385663e+21
806 2.391255e+21
807 2.480345e+21
808 2.499223e+21
809 2.568095e+21
810 2.578000e+21
811 2.586300e+21
812 2.615196e+21
813 2.637709e+21
814 2.721550e+21
815 2.755414e+21
816 2.758319e+21
817 2.768786e+21
818 2.768819e+21
819 2.774454e+21
820 2.811270e+21
821 2.819319e+21
822 2.903560e+21
823 2.917913e+21
824 2.934578e+21
825 2.934634e+21
826 3.055147e+21
827 3.055243e+21
828 3.063502e+21
829 3.064839e+21
830 3.065776e+21
831 3.218769e+21
832 3.247009e+21
833 3.352724e+21
834 3.369856e+21
835 3.420660e+21
836 3.468178e+21
837 3.500478e+21
838 3.500858e+21
839 3.718715e+21
840 3.915566e+21
841 3.920173e+21
842 3.922042e+21
843 3.950989e+21
844 4.073921e+21
845 4.116336e+21
846 4.144392e+21
847 4.176530e+21
848 4.180693e+21
849 4.208029e+21
850 4.225077e+21
851 4.242129e+21
852 4.326162e+21
853 4.435000e+21
854 4.598426e+21
855 4.651582e+21
856 4.667220e+21
857 4.800621e+21
858 4.829559e+21
859 4.836375e+21
860 4.893035e+21
861 4.944727e+21
862 5.119367e+21
863 5.162058e+21
864 5.380497e+21
865 5.499845e+21
866 5.590230e+21
867 5.592686e+21
868 5.678591e+21
869 5.890481e+21
870 5.946200e+21
871 5.974598e+21
872 6.017228e+21
873 6.026340e+21
874 6.326008e+21
875 6.455709e+21
876 6.474900e+21
877 7.560303e+21
878 7.630950e+21
879 7.854140e+21
880 8.068550e+21
881 8.117153e+21
882 8.119863e+21
883 8.289564e+21
884 8.572532e+21
885 8.770115e+21
886 9.025309e+21
887 9.145330e+21
888 9.157458e+21
889 9.805198e+21
890 1.075940e+22
891 1.134766e+22
892 1.204983e+22
893 1.257979e+22
894 1.299415e+22
895 1.347110e+22
896 1.352073e+22
897 1.354027e+22
898 1.354467e+22
899 1.390570e+22
900 1.435229e+22
901 1.542885e+22
902 1.554762e+22
903 1.568578e+22
904 1.582437e+22
905 1.653948e+22
906 1.743576e+22
907 1.745871e+22
908 1.770790e+22
909 1.783610e+22
910 1.849724e+22
911 1.885976e+22
912 1.925028e+22
913 1.926836e+22
914 1.939014e+22
915 1.971433e+22
916 2.000992e+22
917 2.010010e+22
918 2.018708e+22
919 2.023962e+22
920 2.024962e+22
921 2.105823e+22
922 2.164408e+22
923 2.169806e+22
924 2.359732e+22
925 2.475239e+22
926 2.476407e+22
927 2.481756e+22
928 2.534724e+22
929 2.579991e+22
930 2.580776e+22
931 2.717661e+22
932 2.749509e+22
933 2.866521e+22
934 2.871811e+22
935 2.905405e+22
936 2.921959e+22
937 3.049645e+22
938 3.152697e+22
939 3.337998e+22
940 3.370829e+22
941 3.444884e+22
942 3.487105e+22
943 3.613276e+22
944 3.680153e+22
945 3.952767e+22
946 4.179128e+22
947 4.187650e+22
948 4.221219e+22
949 4.369796e+22
950 4.421258e+22
951 4.490247e+22
952 4.578825e+22
953 4.823757e+22
954 5.121804e+22
955 5.290632e+22
956 5.352411e+22
957 5.465342e+22
958 5.513548e+22
959 6.076111e+22
960 6.994587e+22
961 7.967942e+22
962 8.046923e+22
963 8.235272e+22
964 8.869559e+22
965 8.882916e+22
966 9.039089e+22
967 9.080072e+22
968 9.312402e+22
969 1.019780e+23
970 1.110355e+23
971 1.114177e+23
972 1.179701e+23
973 1.254831e+23
974 1.265389e+23
975 1.302604e+23
976 1.385317e+23
977 1.423043e+23
978 1.535909e+23
979 1.725185e+23
980 1.753396e+23
981 1.802991e+23
982 2.160764e+23
983 2.560745e+23
984 2.575484e+23
985 2.910772e+23
986 3.512564e+23
987 3.684068e+23
988 3.953924e+23
989 4.663862e+23
990 7.571188e+23
991 8.831179e+23
992 1.494225e+24
993 2.371353e+24
994 3.562815e+24
995 4.850066e+24
996 5.839692e+24
997 5.981185e+24
998 6.171597e+24
999 2.301029e+25
1000 6.256222e+25
