# Mean mass (g): 3.74e+15
1 7.066639e+11
2 2.487311e+12
3 2.719035e+12
4 3.584488e+12
5 3.632088e+12
6 4.018961e+12
7 4.217143e+12
8 4.616072e+12
9 4.661970e+12
10 4.816570e+12
11 4.894769e+12
12 4.982235e+12
13 5.060758e+12
14 5.281432e+12
15 5.517503e+12
16 5.978182e+12
17 6.151936e+12
18 6.464505e+12
19 8.072204e+12
20 8.331312e+12
21 9.938080e+12
22 1.015929e+13
23 1.072150e+13
24 1.094055e+13
25 1.102888e+13
26 1.152049e+13
27 1.153391e+13
28 1.179327e+13
29 1.338511e+13
30 1.347102e+13
31 1.350609e+13
32 1.361768e+13
33 1.473450e+13
34 1.511696e+13
35 1.554335e+13
36 1.593473e+13
37 1.641523e+13
38 1.672175e+13
39 1.679719e+13
40 1.752010e+13
41 1.886954e+13
42 1.941885e+13
43 1.978766e+13
44 2.006539e+13
45 2.047236e+13
46 2.142543e+13
47 2.289702e+13
48 2.290322e+13
49 2.337572e+13
50 2.380691e+13
51 2.484761e+13
52 2.522812e+13
53 2.551299e+13
54 2.554519e+13
55 2.562955e+13
56 2.576355e+13
57 2.652894e+13
58 2.670396e+13
59 2.702651e+13
60 2.749974e+13
61 2.761807e+13
62 2.769208e+13
63 2.795548e+13
64 2.799169e+13
65 2.814702e+13
66 2.815975e+13
67 2.827557e+13
68 2.886644e+13
69 2.949967e+13
70 2.971853e+13
71 3.039286e+13
72 3.059416e+13
73 3.100508e+13
74 3.267553e+13
75 3.272657e+13
76 3.433639e+13
77 3.441224e+13
78 3.486182e+13
79 3.526654e+13
80 3.587691e+13
81 3.632652e+13
82 3.685007e+13
83 3.737970e+13
84 3.741549e+13
85 3.781255e+13
86 3.783809e+13
87 3.839602e+13
88 3.931413e+13
89 3.962207e+13
90 4.011688e+13
91 4.021341e+13
92 4.032280e+13
93 4.063308e+13
94 4.118443e+13
95 4.138700e+13
96 4.161113e+13
97 4.185651e+13
98 4.248616e+13
99 4.261454e+13
100 4.261574e+13
101 4.407750e+13
102 4.431561e+13
103 4.541985e+13
104 4.563289e+13
105 4.729088e+13
106 4.730813e+13
107 4.756179e+13
108 4.884071e+13
109 4.915331e+13
110 5.010901e+13
111 5.014314e+13
112 5.171508e+13
113 5.175892e+13
114 5.237198e+13
115 5.311776e+13
116 5.369338e+13
117 5.411676e+13
118 5.615067e+13
119 5.685362e+13
120 5.695208e+13
121 5.735720e+13
122 5.786421e+13
123 5.805769e+13
124 5.862138e+13
125 5.935675e+13
126 5.954911e+13
127 6.012054e+13
128 6.014134e+13
129 6.026604e+13
130 6.063338e+13
131 6.070349e+13
132 6.074256e+13
133 6.094396e+13
134 6.129383e+13
135 6.165901e+13
136 6.232755e+13
137 6.258877e+13
138 6.282893e+13
139 6.332133e+13
140 6.501323e+13
141 6.593484e+13
142 6.595449e+13
143 6.608692e+13
144 6.657235e+13
145 6.709284e+13
146 6.805510e+13
147 6.828485e+13
148 6.874622e+13
149 6.897100e+13
150 6.944799e+13
151 6.954661e+13
152 6.958109e+13
153 7.305259e+13
154 7.320515e+13
155 7.363123e+13
156 7.381473e+13
157 7.384922e+13
158 7.499166e+13
159 7.599441e+13
160 7.846995e+13
161 7.850385e+13
162 7.865633e+13
163 7.898067e+13
164 8.012622e+13
165 8.236598e+13
166 8.309895e+13
167 8.369173e+13
168 8.388467e+13
169 8.520269e+13
170 8.524965e+13
171 8.563151e+13
172 8.567156e+13
173 8.575483e+13
174 8.631764e+13
175 8.643889e+13
176 8.644712e+13
177 8.674104e+13
178 8.697683e+13
179 8.816032e+13
180 8.963378e+13
181 8.966954e+13
182 8.971246e+13
183 9.064262e+13
184 9.079728e+13
185 9.100506e+13
186 9.209146e+13
187 9.604892e+13
188 9.761875e+13
189 9.778157e+13
190 9.886768e+13
191 9.936332e+13
192 9.945561e+13
193 9.978257e+13
194 1.006840e+14
195 1.013397e+14
196 1.018726e+14
197 1.022086e+14
198 1.042350e+14
199 1.043313e+14
200 1.044634e+14
201 1.044646e+14
202 1.060198e+14
203 1.065208e+14
204 1.087115e+14
205 1.121522e+14
206 1.124178e+14
207 1.125940e+14
208 1.128145e+14
209 1.142875e+14
210 1.152483e+14
211 1.161356e+14
212 1.165588e+14
213 1.174986e+14
214 1.185237e+14
215 1.185515e+14
216 1.204542e+14
217 1.213446e+14
218 1.224407e+14
219 1.224878e+14
220 1.233837e+14
221 1.240190e+14
222 1.249136e+14
223 1.254107e+14
224 1.259660e+14
225 1.281506e+14
226 1.292885e+14
227 1.297659e+14
228 1.302745e+14
229 1.305920e+14
230 1.321492e+14
231 1.329018e+14
232 1.330215e+14
233 1.341591e+14
234 1.341685e+14
235 1.344956e+14
236 1.375315e+14
237 1.388388e+14
238 1.389867e+14
239 1.401541e+14
240 1.404928e+14
241 1.405918e+14
242 1.409116e+14
243 1.416035e+14
244 1.448487e+14
245 1.452573e+14
246 1.457695e+14
247 1.470827e+14
248 1.476599e+14
249 1.478851e+14
250 1.497647e+14
251 1.499961e+14
252 1.500157e+14
253 1.500703e+14
254 1.502285e+14
255 1.534961e+14
256 1.539319e+14
257 1.541549e+14
258 1.554103e+14
259 1.559781e+14
260 1.560726e+14
261 1.561875e+14
262 1.570835e+14
263 1.574192e+14
264 1.605526e+14
265 1.609172e+14
266 1.612822e+14
267 1.623894e+14
268 1.631602e+14
269 1.639464e+14
270 1.641992e+14
271 1.644918e+14
272 1.650690e+14
273 1.679110e+14
274 1.679866e+14
275 1.680008e+14
276 1.683933e+14
277 1.688756e+14
278 1.701553e+14
279 1.706893e+14
280 1.707990e+14
281 1.710488e+14
282 1.715478e+14
283 1.728188e+14
284 1.736913e+14
285 1.762423e+14
286 1.763059e+14
287 1.766210e+14
288 1.773121e+14
289 1.778360e+14
290 1.778756e+14
291 1.783331e+14
292 1.796716e+14
293 1.815303e+14
294 1.820452e+14
295 1.826874e+14
296 1.842145e+14
297 1.844819e+14
298 1.848378e+14
299 1.863804e+14
300 1.872317e+14
301 1.874713e+14
302 1.875836e+14
303 1.876900e+14
304 1.882231e+14
305 1.884637e+14
306 1.896880e+14
307 1.897203e+14
308 1.912688e+14
309 1.947794e+14
310 1.993915e+14
311 2.005696e+14
312 2.012531e+14
313 2.012844e+14
314 2.025588e+14
315 2.027241e+14
316 2.027837e+14
317 2.045480e+14
318 2.054129e+14
319 2.059681e+14
320 2.079976e+14
321 2.081580e+14
322 2.088650e+14
323 2.093284e+14
324 2.170437e+14
325 2.187055e+14
326 2.193731e+14
327 2.218994e+14
328 2.236684e+14
329 2.246081e+14
330 2.249999e+14
331 2.253149e+14
332 2.255672e+14
333 2.258615e+14
334 2.259199e+14
335 2.267840e+14
336 2.269153e+14
337 2.281044e+14
338 2.298367e+14
339 2.302346e+14
340 2.302454e+14
341 2.344758e+14
342 2.357848e+14
343 2.376153e+14
344 2.411290e+14
345 2.421239e+14
346 2.421838e+14
347 2.425711e+14
348 2.450337e+14
349 2.457762e+14
350 2.471742e+14
351 2.474446e+14
352 2.477151e+14
353 2.483034e+14
354 2.516161e+14
355 2.531114e+14
356 2.560715e+14
357 2.562925e+14
358 2.564601e+14
359 2.584655e+14
360 2.585161e+14
361 2.587199e+14
362 2.610089e+14
363 2.628830e+14
364 2.638168e+14
365 2.642546e+14
366 2.667116e+14
367 2.675123e+14
368 2.688631e+14
369 2.691469e+14
370 2.717416e+14
371 2.718078e+14
372 2.725774e+14
373 2.730924e+14
374 2.761365e+14
375 2.774275e+14
376 2.796102e+14
377 2.800578e+14
378 2.813597e+14
379 2.899955e+14
380 2.921622e+14
381 2.930877e+14
382 2.962001e+14
383 2.963075e+14
384 2.976733e+14
385 3.006349e+14
386 3.011850e+14
387 3.038782e+14
388 3.069430e+14
389 3.075192e+14
390 3.080749e+14
391 3.082666e+14
392 3.099117e+14
393 3.115648e+14
394 3.121383e+14
395 3.125411e+14
396 3.126943e+14
397 3.141801e+14
398 3.143669e+14
399 3.169374e+14
400 3.184348e+14
401 3.186595e+14
402 3.191740e+14
403 3.208627e+14
404 3.219666e+14
405 3.249209e+14
406 3.294181e+14
407 3.302744e+14
408 3.304530e+14
409 3.318311e+14
410 3.319055e+14
411 3.324775e+14
412 3.341533e+14
413 3.359815e+14
414 3.387710e+14
415 3.395023e+14
416 3.454349e+14
417 3.488520e+14
418 3.504897e+14
419 3.512917e+14
420 3.533597e+14
421 3.536900e+14
422 3.610676e+14
423 3.611453e+14
424 3.690467e+14
425 3.702734e+14
426 3.726146e+14
427 3.761620e+14
428 3.811734e+14
429 3.812663e+14
430 3.830744e+14
431 3.837093e+14
432 3.841517e+14
433 3.859428e+14
434 3.912840e+14
435 3.917992e+14
436 3.927598e+14
437 3.948262e+14
438 3.971245e+14
439 3.983022e+14
440 4.001224e+14
441 4.009053e+14
442 4.067340e+14
443 4.073567e+14
444 4.080949e+14
445 4.103683e+14
446 4.106941e+14
447 4.114772e+14
448 4.176405e+14
449 4.250080e+14
450 4.294557e+14
451 4.332681e+14
452 4.382256e+14
453 4.419924e+14
454 4.436507e+14
455 4.446299e+14
456 4.458004e+14
457 4.481463e+14
458 4.502767e+14
459 4.520981e+14
460 4.549176e+14
461 4.553220e+14
462 4.601619e+14
463 4.610129e+14
464 4.613550e+14
465 4.638996e+14
466 4.662956e+14
467 4.668118e+14
468 4.675324e+14
469 4.718935e+14
470 4.728690e+14
471 4.858293e+14
472 4.876971e+14
473 4.877261e+14
474 4.882401e+14
475 4.925954e+14
476 4.942414e+14
477 4.961693e+14
478 5.009367e+14
479 5.034925e+14
480 5.094216e+14
481 5.095318e+14
482 5.108741e+14
483 5.112497e+14
484 5.131037e+14
485 5.152976e+14
486 5.173091e+14
487 5.189652e+14
488 5.194050e+14
489 5.218722e+14
490 5.246890e+14
491 5.289681e+14
492 5.356974e+14
493 5.378194e+14
494 5.413230e+14
495 5.430860e+14
496 5.447941e+14
497 5.464964e+14
498 5.468837e+14
499 5.475456e+14
500 5.483871e+14
501 5.485990e+14
502 5.540883e+14
503 5.546626e+14
504 5.548676e+14
505 5.554136e+14
506 5.576442e+14
507 5.587076e+14
508 5.589609e+14
509 5.628862e+14
510 5.771267e+14
511 5.840877e+14
512 5.872288e+14
513 5.903995e+14
514 5.935698e+14
515 5.938620e+14
516 5.944112e+14
517 5.950982e+14
518 5.952666e+14
519 5.981013e+14
520 5.981294e+14
521 5.993461e+14
522 6.035488e+14
523 6.037139e+14
524 6.128406e+14
525 6.130588e+14
526 6.160528e+14
527 6.207366e+14
528 6.259263e+14
529 6.266491e+14
530 6.274597e+14
531 6.280070e+14
532 6.328700e+14
533 6.329587e+14
534 6.332270e+14
535 6.369699e+14
536 6.380493e+14
537 6.477635e+14
538 6.481759e+14
539 6.516763e+14
540 6.554914e+14
541 6.561054e+14
542 6.652397e+14
543 6.660318e+14
544 6.794449e+14
545 6.796679e+14
546 6.798948e+14
547 6.821964e+14
548 6.835084e+14
549 6.864847e+14
550 6.917664e+14
551 6.947805e+14
552 6.959216e+14
553 6.979821e+14
554 7.018011e+14
555 7.051103e+14
556 7.106351e+14
557 7.160717e+14
558 7.161059e+14
559 7.181452e+14
560 7.212004e+14
561 7.317087e+14
562 7.333167e+14
563 7.338637e+14
564 7.355666e+14
565 7.373001e+14
566 7.443515e+14
567 7.465568e+14
568 7.643457e+14
569 7.703050e+14
570 7.776990e+14
571 7.805053e+14
572 7.855287e+14
573 7.994883e+14
574 8.008395e+14
575 8.069322e+14
576 8.154825e+14
577 8.216808e+14
578 8.289835e+14
579 8.307107e+14
580 8.314205e+14
581 8.321826e+14
582 8.358402e+14
583 8.365492e+14
584 8.454579e+14
585 8.461799e+14
586 8.498252e+14
587 8.647204e+14
588 8.653733e+14
589 8.658373e+14
590 8.680164e+14
591 8.705731e+14
592 8.739281e+14
593 8.740063e+14
594 8.803046e+14
595 8.817628e+14
596 8.909554e+14
597 8.925044e+14
598 8.932442e+14
599 8.958140e+14
600 8.959292e+14
601 8.979919e+14
602 9.014334e+14
603 9.027036e+14
604 9.047587e+14
605 9.055218e+14
606 9.115564e+14
607 9.169345e+14
608 9.307616e+14
609 9.343974e+14
610 9.348809e+14
611 9.352229e+14
612 9.373460e+14
613 9.422966e+14
614 9.427214e+14
615 9.467724e+14
616 9.490358e+14
617 9.503135e+14
618 9.613235e+14
619 9.679513e+14
620 9.686661e+14
621 9.713808e+14
622 9.783270e+14
623 9.887051e+14
624 9.934427e+14
625 1.006654e+15
626 1.021446e+15
627 1.035356e+15
628 1.039466e+15
629 1.039488e+15
630 1.041299e+15
631 1.043671e+15
632 1.050648e+15
633 1.051410e+15
634 1.055558e+15
635 1.064687e+15
636 1.069031e+15
637 1.073508e+15
638 1.079220e+15
639 1.096260e+15
640 1.098135e+15
641 1.100806e+15
642 1.101747e+15
643 1.104185e+15
644 1.112581e+15
645 1.114396e+15
646 1.115099e+15
647 1.115357e+15
648 1.119374e+15
649 1.130158e+15
650 1.132862e+15
651 1.142956e+15
652 1.148766e+15
653 1.160089e+15
654 1.167995e+15
655 1.171840e+15
656 1.199293e+15
657 1.229454e+15
658 1.234466e+15
659 1.256387e+15
660 1.262876e+15
661 1.262916e+15
662 1.263209e+15
663 1.274752e+15
664 1.285295e+15
665 1.292565e+15
666 1.301415e+15
667 1.303143e+15
668 1.303441e+15
669 1.310998e+15
670 1.313935e+15
671 1.315618e+15
672 1.321696e+15
673 1.324182e+15
674 1.328462e+15
675 1.329476e+15
676 1.329738e+15
677 1.340298e+15
678 1.366027e+15
679 1.372337e+15
680 1.385165e+15
681 1.387549e+15
682 1.387733e+15
683 1.395355e+15
684 1.408955e+15
685 1.426715e+15
686 1.427450e+15
687 1.443674e+15
688 1.452027e+15
689 1.455253e+15
690 1.459660e+15
691 1.493252e+15
692 1.497925e+15
693 1.502489e+15
694 1.516441e+15
695 1.517731e+15
696 1.519837e+15
697 1.522335e+15
698 1.529452e+15
699 1.543281e+15
700 1.556732e+15
701 1.567814e+15
702 1.571511e+15
703 1.597672e+15
704 1.634786e+15
705 1.636781e+15
706 1.647291e+15
707 1.652358e+15
708 1.676755e+15
709 1.677725e+15
710 1.682107e+15
711 1.692214e+15
712 1.710689e+15
713 1.715946e+15
714 1.721744e+15
715 1.722135e+15
716 1.739692e+15
717 1.741962e+15
718 1.794767e+15
719 1.796183e+15
720 1.800004e+15
721 1.800448e+15
722 1.801302e+15
723 1.806133e+15
724 1.812687e+15
725 1.831184e+15
726 1.831670e+15
727 1.834693e+15
728 1.844131e+15
729 1.847722e+15
730 1.885634e+15
731 1.886808e+15
732 1.896821e+15
733 1.899282e+15
734 1.958758e+15
735 1.970211e+15
736 1.980874e+15
737 1.985316e+15
738 1.995068e+15
739 1.998760e+15
740 2.011606e+15
741 2.012679e+15
742 2.046917e+15
743 2.052310e+15
744 2.074780e+15
745 2.084418e+15
746 2.102630e+15
747 2.114740e+15
748 2.126043e+15
749 2.128366e+15
750 2.134763e+15
751 2.154284e+15
752 2.162887e+15
753 2.165830e+15
754 2.196853e+15
755 2.204020e+15
756 2.214385e+15
757 2.239680e+15
758 2.245871e+15
759 2.250279e+15
760 2.251447e+15
761 2.254243e+15
762 2.376748e+15
763 2.406894e+15
764 2.431172e+15
765 2.467972e+15
766 2.494755e+15
767 2.495039e+15
768 2.508331e+15
769 2.529938e+15
770 2.534919e+15
771 2.540284e+15
772 2.542444e+15
773 2.587437e+15
774 2.588236e+15
775 2.609903e+15
776 2.620701e+15
777 2.636799e+15
778 2.637907e+15
779 2.639553e+15
780 2.640624e+15
781 2.651271e+15
782 2.671279e+15
783 2.685786e+15
784 2.690107e+15
785 2.708205e+15
786 2.734513e+15
787 2.760563e+15
788 2.770003e+15
789 2.811594e+15
790 2.822325e+15
791 2.826831e+15
792 2.833094e+15
793 2.837917e+15
794 2.841104e+15
795 2.841386e+15
796 2.842927e+15
797 2.906390e+15
798 2.914490e+15
799 2.950640e+15
800 2.963745e+15
801 3.038525e+15
802 3.090377e+15
803 3.170168e+15
804 3.173634e+15
805 3.257868e+15
806 3.267992e+15
807 3.268604e+15
808 3.328069e+15
809 3.334784e+15
810 3.374511e+15
811 3.486491e+15
812 3.524568e+15
813 3.566495e+15
814 3.572363e+15
815 3.609076e+15
816 3.694841e+15
817 3.757845e+15
818 3.760002e+15
819 3.776547e+15
820 3.799050e+15
821 3.813035e+15
822 3.850089e+15
823 3.872636e+15
824 3.901453e+15
825 3.915030e+15
826 3.930185e+15
827 3.997751e+15
828 4.030280e+15
829 4.047899e+15
830 4.068381e+15
831 4.087089e+15
832 4.103095e+15
833 4.126080e+15
834 4.127356e+15
835 4.165915e+15
836 4.167007e+15
837 4.204606e+15
838 4.279453e+15
839 4.281408e+15
840 4.346497e+15
841 4.354998e+15
842 4.416257e+15
843 4.441288e+15
844 4.522914e+15
845 4.592456e+15
846 4.597957e+15
847 4.621779e+15
848 4.635128e+15
849 4.658146e+15
850 4.664513e+15
851 4.699659e+15
852 4.701914e+15
853 4.710727e+15
854 4.761112e+15
855 4.811795e+15
856 4.837643e+15
857 4.896661e+15
858 4.969742e+15
859 4.989907e+15
860 5.062190e+15
861 5.097875e+15
862 5.111729e+15
863 5.255742e+15
864 5.256599e+15
865 5.309778e+15
866 5.319632e+15
867 5.326668e+15
868 5.378627e+15
869 5.419641e+15
870 5.475930e+15
871 5.485824e+15
872 5.660013e+15
873 5.735992e+15
874 5.750944e+15
875 5.816946e+15
876 5.826445e+15
877 6.023950e+15
878 6.039976e+15
879 6.084216e+15
880 6.101227e+15
881 6.130479e+15
882 6.178727e+15
883 6.353959e+15
884 6.393282e+15
885 6.410742e+15
886 6.526490e+15
887 6.538522e+15
888 6.611483e+15
889 6.644554e+15
890 6.665910e+15
891 6.753983e+15
892 6.843586e+15
893 6.962027e+15
894 7.053872e+15
895 7.054029e+15
896 7.173648e+15
897 7.195816e+15
898 7.306272e+15
899 7.456344e+15
900 7.462290e+15
901 7.527388e+15
902 7.533859e+15
903 7.806852e+15
904 7.942899e+15
905 7.944288e+15
906 7.974768e+15
907 8.004908e+15
908 8.192437e+15
909 8.343185e+15
910 8.566993e+15
911 8.826550e+15
912 8.835061e+15
913 8.876637e+15
914 8.966281e+15
915 9.274952e+15
916 9.469699e+15
917 9.472834e+15
918 9.493614e+15
919 9.616132e+15
920 1.000132e+16
921 1.021366e+16
922 1.023378e+16
923 1.041911e+16
924 1.056590e+16
925 1.057889e+16
926 1.088406e+16
927 1.103507e+16
928 1.120685e+16
929 1.124592e+16
930 1.130872e+16
931 1.143164e+16
932 1.155534e+16
933 1.157621e+16
934 1.222291e+16
935 1.236037e+16
936 1.259785e+16
937 1.264626e+16
938 1.269440e+16
939 1.270510e+16
940 1.298203e+16
941 1.303828e+16
942 1.318141e+16
943 1.354929e+16
944 1.391291e+16
945 1.442821e+16
946 1.451098e+16
947 1.476648e+16
948 1.496985e+16
949 1.498724e+16
950 1.529187e+16
951 1.558743e+16
952 1.597844e+16
953 1.616919e+16
954 1.674405e+16
955 1.721931e+16
956 1.767356e+16
957 1.784403e+16
958 1.827526e+16
959 1.843086e+16
960 1.876100e+16
961 1.885133e+16
962 1.950245e+16
963 1.950903e+16
964 1.961086e+16
965 2.130972e+16
966 2.200604e+16
967 2.339119e+16
968 2.458848e+16
969 2.463961e+16
970 2.508795e+16
971 2.536345e+16
972 2.697474e+16
973 3.024152e+16
974 3.048204e+16
975 3.068093e+16
976 3.297293e+16
977 3.346026e+16
978 3.524738e+16
979 3.576018e+16
980 3.609783e+16
981 3.632207e+16
982 3.733276e+16
983 3.909915e+16
984 3.911948e+16
985 4.018727e+16
986 4.045960e+16
987 4.086690e+16
988 4.218077e+16
989 4.430458e+16
990 4.500574e+16
991 4.525773e+16
992 5.001550e+16
993 5.895186e+16
994 6.256523e+16
995 6.383709e+16
996 6.957407e+16
997 7.109722e+16
998 1.675376e+17
999 2.477928e+17
1000 2.510111e+17
