# Mean mass (g): 4.91e+15
1 6.946556e+14
2 7.223249e+14
3 8.772730e+14
4 1.059890e+15
5 1.115229e+15
6 1.181635e+15
7 1.314448e+15
8 1.314448e+15
9 1.336584e+15
10 1.469396e+15
11 1.519201e+15
12 1.535803e+15
13 1.541336e+15
14 1.668615e+15
15 1.679683e+15
16 1.690751e+15
17 1.696285e+15
18 1.751623e+15
19 1.751623e+15
20 1.751623e+15
21 1.773759e+15
22 1.790360e+15
23 1.856767e+15
24 1.856767e+15
25 1.895504e+15
26 1.901037e+15
27 1.950842e+15
28 1.956376e+15
29 1.967444e+15
30 1.978512e+15
31 2.039384e+15
32 2.061519e+15
33 2.067053e+15
34 2.089189e+15
35 2.094723e+15
36 2.105790e+15
37 2.116858e+15
38 2.122392e+15
39 2.161129e+15
40 2.177731e+15
41 2.194332e+15
42 2.210934e+15
43 2.238603e+15
44 2.244137e+15
45 2.255205e+15
46 2.266272e+15
47 2.271806e+15
48 2.293942e+15
49 2.305009e+15
50 2.321611e+15
51 2.349280e+15
52 2.349280e+15
53 2.349280e+15
54 2.354814e+15
55 2.365882e+15
56 2.415687e+15
57 2.415687e+15
58 2.421220e+15
59 2.421220e+15
60 2.421220e+15
61 2.421220e+15
62 2.437822e+15
63 2.437822e+15
64 2.448890e+15
65 2.482093e+15
66 2.482093e+15
67 2.487627e+15
68 2.509762e+15
69 2.515296e+15
70 2.520830e+15
71 2.531898e+15
72 2.554033e+15
73 2.565101e+15
74 2.570635e+15
75 2.576169e+15
76 2.625973e+15
77 2.637041e+15
78 2.642575e+15
79 2.642575e+15
80 2.686846e+15
81 2.692380e+15
82 2.692380e+15
83 2.697914e+15
84 2.703447e+15
85 2.731117e+15
86 2.731117e+15
87 2.758786e+15
88 2.764320e+15
89 2.769854e+15
90 2.775388e+15
91 2.780921e+15
92 2.797523e+15
93 2.803057e+15
94 2.814125e+15
95 2.825192e+15
96 2.825192e+15
97 2.830726e+15
98 2.836260e+15
99 2.841794e+15
100 2.841794e+15
101 2.863929e+15
102 2.869463e+15
103 2.880531e+15
104 2.886065e+15
105 2.886065e+15
106 2.908200e+15
107 2.913734e+15
108 2.913734e+15
109 2.913734e+15
110 2.913734e+15
111 2.924802e+15
112 2.924802e+15
113 2.924802e+15
114 2.930336e+15
115 2.930336e+15
116 2.930336e+15
117 2.941403e+15
118 2.946937e+15
119 2.952471e+15
120 2.958005e+15
121 2.958005e+15
122 2.958005e+15
123 2.963539e+15
124 2.969073e+15
125 2.974607e+15
126 2.991208e+15
127 3.002276e+15
128 3.024411e+15
129 3.029945e+15
130 3.046547e+15
131 3.046547e+15
132 3.052081e+15
133 3.057615e+15
134 3.063148e+15
135 3.090818e+15
136 3.096352e+15
137 3.101885e+15
138 3.112953e+15
139 3.118487e+15
140 3.129555e+15
141 3.151690e+15
142 3.157224e+15
143 3.162758e+15
144 3.173826e+15
145 3.184893e+15
146 3.212563e+15
147 3.223630e+15
148 3.229164e+15
149 3.256834e+15
150 3.262367e+15
151 3.273435e+15
152 3.273435e+15
153 3.278969e+15
154 3.278969e+15
155 3.284503e+15
156 3.290037e+15
157 3.301104e+15
158 3.306638e+15
159 3.306638e+15
160 3.312172e+15
161 3.334308e+15
162 3.334308e+15
163 3.334308e+15
164 3.339841e+15
165 3.339841e+15
166 3.339841e+15
167 3.345375e+15
168 3.345375e+15
169 3.350909e+15
170 3.350909e+15
171 3.356443e+15
172 3.361977e+15
173 3.361977e+15
174 3.373045e+15
175 3.373045e+15
176 3.378579e+15
177 3.389646e+15
178 3.389646e+15
179 3.406248e+15
180 3.417316e+15
181 3.439451e+15
182 3.439451e+15
183 3.444985e+15
184 3.450519e+15
185 3.467120e+15
186 3.478188e+15
187 3.494790e+15
188 3.494790e+15
189 3.505857e+15
190 3.511391e+15
191 3.522459e+15
192 3.527993e+15
193 3.527993e+15
194 3.527993e+15
195 3.539061e+15
196 3.555662e+15
197 3.555662e+15
198 3.561196e+15
199 3.577798e+15
200 3.594399e+15
201 3.605467e+15
202 3.611001e+15
203 3.616535e+15
204 3.622068e+15
205 3.627602e+15
206 3.633136e+15
207 3.638670e+15
208 3.644204e+15
209 3.644204e+15
210 3.644204e+15
211 3.649738e+15
212 3.660805e+15
213 3.666339e+15
214 3.682941e+15
215 3.688475e+15
216 3.688475e+15
217 3.688475e+15
218 3.688475e+15
219 3.694009e+15
220 3.694009e+15
221 3.694009e+15
222 3.699543e+15
223 3.699543e+15
224 3.699543e+15
225 3.705076e+15
226 3.710610e+15
227 3.710610e+15
228 3.721678e+15
229 3.727212e+15
230 3.727212e+15
231 3.727212e+15
232 3.727212e+15
233 3.732746e+15
234 3.738280e+15
235 3.738280e+15
236 3.754881e+15
237 3.754881e+15
238 3.754881e+15
239 3.754881e+15
240 3.754881e+15
241 3.760415e+15
242 3.760415e+15
243 3.765949e+15
244 3.765949e+15
245 3.771483e+15
246 3.771483e+15
247 3.777017e+15
248 3.782550e+15
249 3.788084e+15
250 3.793618e+15
251 3.793618e+15
252 3.793618e+15
253 3.799152e+15
254 3.799152e+15
255 3.810220e+15
256 3.815754e+15
257 3.821287e+15
258 3.821287e+15
259 3.826821e+15
260 3.826821e+15
261 3.832355e+15
262 3.832355e+15
263 3.832355e+15
264 3.832355e+15
265 3.832355e+15
266 3.837889e+15
267 3.848957e+15
268 3.854491e+15
269 3.854491e+15
270 3.854491e+15
271 3.871092e+15
272 3.876626e+15
273 3.876626e+15
274 3.882160e+15
275 3.882160e+15
276 3.882160e+15
277 3.887694e+15
278 3.893228e+15
279 3.893228e+15
280 3.893228e+15
281 3.898762e+15
282 3.898762e+15
283 3.904295e+15
284 3.904295e+15
285 3.904295e+15
286 3.915363e+15
287 3.926431e+15
288 3.931965e+15
289 3.937499e+15
290 3.943032e+15
291 3.959634e+15
292 3.959634e+15
293 3.959634e+15
294 3.981769e+15
295 3.998371e+15
296 4.014973e+15
297 4.020506e+15
298 4.031574e+15
299 4.031574e+15
300 4.037108e+15
301 4.037108e+15
302 4.037108e+15
303 4.037108e+15
304 4.048176e+15
305 4.048176e+15
306 4.053710e+15
307 4.059244e+15
308 4.064777e+15
309 4.064777e+15
310 4.075845e+15
311 4.097981e+15
312 4.097981e+15
313 4.103514e+15
314 4.103514e+15
315 4.109048e+15
316 4.109048e+15
317 4.109048e+15
318 4.125650e+15
319 4.136718e+15
320 4.142251e+15
321 4.142251e+15
322 4.147785e+15
323 4.158853e+15
324 4.175455e+15
325 4.175455e+15
326 4.175455e+15
327 4.197590e+15
328 4.203124e+15
329 4.203124e+15
330 4.208658e+15
331 4.208658e+15
332 4.208658e+15
333 4.214192e+15
334 4.219726e+15
335 4.230793e+15
336 4.230793e+15
337 4.236327e+15
338 4.236327e+15
339 4.241861e+15
340 4.241861e+15
341 4.263996e+15
342 4.269530e+15
343 4.275064e+15
344 4.280598e+15
345 4.286132e+15
346 4.286132e+15
347 4.297200e+15
348 4.302733e+15
349 4.308267e+15
350 4.308267e+15
351 4.313801e+15
352 4.319335e+15
353 4.319335e+15
354 4.319335e+15
355 4.330403e+15
356 4.335937e+15
357 4.335937e+15
358 4.335937e+15
359 4.341470e+15
360 4.341470e+15
361 4.347004e+15
362 4.352538e+15
363 4.352538e+15
364 4.352538e+15
365 4.358072e+15
366 4.380207e+15
367 4.385741e+15
368 4.385741e+15
369 4.391275e+15
370 4.407877e+15
371 4.407877e+15
372 4.413411e+15
373 4.424478e+15
374 4.430012e+15
375 4.430012e+15
376 4.446614e+15
377 4.452148e+15
378 4.457682e+15
379 4.457682e+15
380 4.457682e+15
381 4.463215e+15
382 4.463215e+15
383 4.468749e+15
384 4.468749e+15
385 4.474283e+15
386 4.479817e+15
387 4.479817e+15
388 4.479817e+15
389 4.479817e+15
390 4.496419e+15
391 4.496419e+15
392 4.501952e+15
393 4.507486e+15
394 4.507486e+15
395 4.507486e+15
396 4.507486e+15
397 4.513020e+15
398 4.518554e+15
399 4.518554e+15
400 4.518554e+15
401 4.524088e+15
402 4.529622e+15
403 4.535156e+15
404 4.540689e+15
405 4.540689e+15
406 4.568359e+15
407 4.568359e+15
408 4.573893e+15
409 4.579427e+15
410 4.579427e+15
411 4.590494e+15
412 4.590494e+15
413 4.590494e+15
414 4.590494e+15
415 4.590494e+15
416 4.607096e+15
417 4.612630e+15
418 4.612630e+15
419 4.618164e+15
420 4.618164e+15
421 4.640299e+15
422 4.645833e+15
423 4.645833e+15
424 4.651367e+15
425 4.651367e+15
426 4.651367e+15
427 4.656901e+15
428 4.656901e+15
429 4.662434e+15
430 4.662434e+15
431 4.662434e+15
432 4.673502e+15
433 4.673502e+15
434 4.679036e+15
435 4.690104e+15
436 4.690104e+15
437 4.690104e+15
438 4.690104e+15
439 4.695638e+15
440 4.695638e+15
441 4.701171e+15
442 4.706705e+15
443 4.717773e+15
444 4.723307e+15
445 4.723307e+15
446 4.723307e+15
447 4.723307e+15
448 4.745442e+15
449 4.750976e+15
450 4.750976e+15
451 4.762044e+15
452 4.762044e+15
453 4.767578e+15
454 4.773112e+15
455 4.773112e+15
456 4.784179e+15
457 4.789713e+15
458 4.795247e+15
459 4.800781e+15
460 4.800781e+15
461 4.800781e+15
462 4.800781e+15
463 4.806315e+15
464 4.806315e+15
465 4.811849e+15
466 4.811849e+15
467 4.817383e+15
468 4.817383e+15
469 4.822916e+15
470 4.822916e+15
471 4.828450e+15
472 4.828450e+15
473 4.828450e+15
474 4.833984e+15
475 4.833984e+15
476 4.839518e+15
477 4.845052e+15
478 4.850586e+15
479 4.856120e+15
480 4.856120e+15
481 4.861653e+15
482 4.861653e+15
483 4.872721e+15
484 4.889323e+15
485 4.894857e+15
486 4.894857e+15
487 4.900390e+15
488 4.905924e+15
489 4.911458e+15
490 4.911458e+15
491 4.922526e+15
492 4.928060e+15
493 4.933594e+15
494 4.933594e+15
495 4.933594e+15
496 4.939128e+15
497 4.944661e+15
498 4.944661e+15
499 4.944661e+15
500 4.944661e+15
501 4.944661e+15
502 4.950195e+15
503 4.961263e+15
504 4.961263e+15
505 4.961263e+15
506 4.961263e+15
507 4.966797e+15
508 4.966797e+15
509 4.977865e+15
510 4.983398e+15
511 4.988932e+15
512 4.994466e+15
513 4.994466e+15
514 5.000000e+15
515 5.005534e+15
516 5.011068e+15
517 5.011068e+15
518 5.011068e+15
519 5.027669e+15
520 5.033203e+15
521 5.033203e+15
522 5.033203e+15
523 5.033203e+15
524 5.038737e+15
525 5.044271e+15
526 5.044271e+15
527 5.049805e+15
528 5.055339e+15
529 5.055339e+15
530 5.060872e+15
531 5.060872e+15
532 5.060872e+15
533 5.066406e+15
534 5.066406e+15
535 5.071940e+15
536 5.077474e+15
537 5.083008e+15
538 5.088542e+15
539 5.094076e+15
540 5.094076e+15
541 5.099610e+15
542 5.110677e+15
543 5.116211e+15
544 5.121745e+15
545 5.127279e+15
546 5.127279e+15
547 5.127279e+15
548 5.132813e+15
549 5.143880e+15
550 5.143880e+15
551 5.149414e+15
552 5.149414e+15
553 5.160482e+15
554 5.166016e+15
555 5.166016e+15
556 5.171550e+15
557 5.177084e+15
558 5.177084e+15
559 5.177084e+15
560 5.177084e+15
561 5.182617e+15
562 5.188151e+15
563 5.193685e+15
564 5.193685e+15
565 5.199219e+15
566 5.199219e+15
567 5.199219e+15
568 5.199219e+15
569 5.204753e+15
570 5.204753e+15
571 5.204753e+15
572 5.210287e+15
573 5.210287e+15
574 5.215821e+15
575 5.237956e+15
576 5.243490e+15
577 5.249024e+15
578 5.249024e+15
579 5.260091e+15
580 5.265625e+15
581 5.271159e+15
582 5.276693e+15
583 5.276693e+15
584 5.276693e+15
585 5.282227e+15
586 5.287761e+15
587 5.287761e+15
588 5.293295e+15
589 5.304362e+15
590 5.304362e+15
591 5.315430e+15
592 5.315430e+15
593 5.315430e+15
594 5.320964e+15
595 5.326498e+15
596 5.332032e+15
597 5.332032e+15
598 5.332032e+15
599 5.332032e+15
600 5.337566e+15
601 5.337566e+15
602 5.343099e+15
603 5.348633e+15
604 5.359701e+15
605 5.359701e+15
606 5.359701e+15
607 5.365235e+15
608 5.365235e+15
609 5.370769e+15
610 5.370769e+15
611 5.376303e+15
612 5.376303e+15
613 5.381836e+15
614 5.387370e+15
615 5.387370e+15
616 5.392904e+15
617 5.392904e+15
618 5.398438e+15
619 5.398438e+15
620 5.409506e+15
621 5.409506e+15
622 5.409506e+15
623 5.415040e+15
624 5.420573e+15
625 5.426107e+15
626 5.426107e+15
627 5.426107e+15
628 5.426107e+15
629 5.431641e+15
630 5.437175e+15
631 5.442709e+15
632 5.442709e+15
633 5.453777e+15
634 5.453777e+15
635 5.459311e+15
636 5.459311e+15
637 5.459311e+15
638 5.464844e+15
639 5.464844e+15
640 5.464844e+15
641 5.470378e+15
642 5.470378e+15
643 5.481446e+15
644 5.492514e+15
645 5.498048e+15
646 5.498048e+15
647 5.498048e+15
648 5.509115e+15
649 5.514649e+15
650 5.514649e+15
651 5.525717e+15
652 5.525717e+15
653 5.525717e+15
654 5.531251e+15
655 5.531251e+15
656 5.531251e+15
657 5.536785e+15
658 5.536785e+15
659 5.542318e+15
660 5.547852e+15
661 5.547852e+15
662 5.553386e+15
663 5.553386e+15
664 5.558920e+15
665 5.564454e+15
666 5.569988e+15
667 5.569988e+15
668 5.586589e+15
669 5.597657e+15
670 5.597657e+15
671 5.597657e+15
672 5.597657e+15
673 5.603191e+15
674 5.608725e+15
675 5.614259e+15
676 5.619793e+15
677 5.630860e+15
678 5.641928e+15
679 5.664063e+15
680 5.664063e+15
681 5.669597e+15
682 5.680665e+15
683 5.680665e+15
684 5.686199e+15
685 5.702800e+15
686 5.708334e+15
687 5.713868e+15
688 5.713868e+15
689 5.736004e+15
690 5.736004e+15
691 5.741537e+15
692 5.741537e+15
693 5.747071e+15
694 5.752605e+15
695 5.752605e+15
696 5.752605e+15
697 5.758139e+15
698 5.758139e+15
699 5.774741e+15
700 5.780274e+15
701 5.785808e+15
702 5.785808e+15
703 5.796876e+15
704 5.802410e+15
705 5.819012e+15
706 5.819012e+15
707 5.819012e+15
708 5.824545e+15
709 5.824545e+15
710 5.830079e+15
711 5.835613e+15
712 5.835613e+15
713 5.841147e+15
714 5.846681e+15
715 5.852215e+15
716 5.852215e+15
717 5.857749e+15
718 5.857749e+15
719 5.863282e+15
720 5.863282e+15
721 5.868816e+15
722 5.874350e+15
723 5.885418e+15
724 5.896486e+15
725 5.907553e+15
726 5.913087e+15
727 5.918621e+15
728 5.924155e+15
729 5.929689e+15
730 5.929689e+15
731 5.935223e+15
732 5.935223e+15
733 5.940756e+15
734 5.940756e+15
735 5.946290e+15
736 5.946290e+15
737 5.951824e+15
738 5.957358e+15
739 5.979494e+15
740 5.979494e+15
741 5.979494e+15
742 5.985027e+15
743 5.985027e+15
744 5.990561e+15
745 5.990561e+15
746 6.007163e+15
747 6.012697e+15
748 6.012697e+15
749 6.018231e+15
750 6.018231e+15
751 6.023764e+15
752 6.029298e+15
753 6.029298e+15
754 6.034832e+15
755 6.051434e+15
756 6.051434e+15
757 6.051434e+15
758 6.056968e+15
759 6.062501e+15
760 6.062501e+15
761 6.068035e+15
762 6.079103e+15
763 6.090171e+15
764 6.090171e+15
765 6.090171e+15
766 6.090171e+15
767 6.090171e+15
768 6.095705e+15
769 6.095705e+15
770 6.101238e+15
771 6.106772e+15
772 6.117840e+15
773 6.117840e+15
774 6.123374e+15
775 6.128908e+15
776 6.128908e+15
777 6.134442e+15
778 6.139976e+15
779 6.145509e+15
780 6.151043e+15
781 6.156577e+15
782 6.162111e+15
783 6.167645e+15
784 6.167645e+15
785 6.173179e+15
786 6.178713e+15
787 6.178713e+15
788 6.184246e+15
789 6.189780e+15
790 6.195314e+15
791 6.206382e+15
792 6.217450e+15
793 6.222983e+15
794 6.228517e+15
795 6.234051e+15
796 6.239585e+15
797 6.239585e+15
798 6.245119e+15
799 6.250653e+15
800 6.256187e+15
801 6.256187e+15
802 6.256187e+15
803 6.256187e+15
804 6.261720e+15
805 6.278322e+15
806 6.283856e+15
807 6.289390e+15
808 6.311525e+15
809 6.322593e+15
810 6.328127e+15
811 6.333661e+15
812 6.344728e+15
813 6.344728e+15
814 6.350262e+15
815 6.350262e+15
816 6.355796e+15
817 6.361330e+15
818 6.366864e+15
819 6.377932e+15
820 6.383465e+15
821 6.383465e+15
822 6.388999e+15
823 6.405601e+15
824 6.405601e+15
825 6.405601e+15
826 6.411135e+15
827 6.411135e+15
828 6.422202e+15
829 6.422202e+15
830 6.427736e+15
831 6.438804e+15
832 6.438804e+15
833 6.444338e+15
834 6.444338e+15
835 6.444338e+15
836 6.449872e+15
837 6.455406e+15
838 6.455406e+15
839 6.466473e+15
840 6.472007e+15
841 6.472007e+15
842 6.477541e+15
843 6.483075e+15
844 6.494143e+15
845 6.494143e+15
846 6.499677e+15
847 6.505210e+15
848 6.505210e+15
849 6.510744e+15
850 6.516278e+15
851 6.516278e+15
852 6.521812e+15
853 6.527346e+15
854 6.555015e+15
855 6.566083e+15
856 6.582684e+15
857 6.593752e+15
858 6.604820e+15
859 6.610354e+15
860 6.615888e+15
861 6.626955e+15
862 6.626955e+15
863 6.638023e+15
864 6.638023e+15
865 6.643557e+15
866 6.649091e+15
867 6.665692e+15
868 6.709963e+15
869 6.726565e+15
870 6.726565e+15
871 6.726565e+15
872 6.732099e+15
873 6.748700e+15
874 6.754234e+15
875 6.754234e+15
876 6.765302e+15
877 6.776370e+15
878 6.776370e+15
879 6.776370e+15
880 6.781903e+15
881 6.792971e+15
882 6.792971e+15
883 6.798505e+15
884 6.798505e+15
885 6.809573e+15
886 6.809573e+15
887 6.820640e+15
888 6.837242e+15
889 6.853844e+15
890 6.853844e+15
891 6.875979e+15
892 6.887047e+15
893 6.887047e+15
894 6.887047e+15
895 6.887047e+15
896 6.892581e+15
897 6.898115e+15
898 6.898115e+15
899 6.903648e+15
900 6.903648e+15
901 6.914716e+15
902 6.920250e+15
903 6.925784e+15
904 6.931318e+15
905 6.936852e+15
906 6.942385e+15
907 6.947919e+15
908 6.947919e+15
909 6.953453e+15
910 6.964521e+15
911 6.975589e+15
912 7.003258e+15
913 7.030927e+15
914 7.036461e+15
915 7.036461e+15
916 7.053063e+15
917 7.053063e+15
918 7.058597e+15
919 7.075198e+15
920 7.086266e+15
921 7.091800e+15
922 7.097334e+15
923 7.102867e+15
924 7.102867e+15
925 7.108401e+15
926 7.113935e+15
927 7.119469e+15
928 7.125003e+15
929 7.130537e+15
930 7.130537e+15
931 7.163740e+15
932 7.169274e+15
933 7.169274e+15
934 7.196943e+15
935 7.196943e+15
936 7.213545e+15
937 7.219079e+15
938 7.219079e+15
939 7.219079e+15
940 7.219079e+15
941 7.241214e+15
942 7.246748e+15
943 7.246748e+15
944 7.246748e+15
945 7.268883e+15
946 7.274417e+15
947 7.279951e+15
948 7.291019e+15
949 7.291019e+15
950 7.318688e+15
951 7.318688e+15
952 7.346357e+15
953 7.362959e+15
954 7.374027e+15
955 7.401696e+15
956 7.418298e+15
957 7.423831e+15
958 7.512373e+15
959 7.517907e+15
960 7.523441e+15
961 7.540043e+15
962 7.562178e+15
963 7.573246e+15
964 7.584313e+15
965 7.595381e+15
966 7.617517e+15
967 7.628584e+15
968 7.650720e+15
969 7.656254e+15
970 7.678389e+15
971 7.694991e+15
972 7.722660e+15
973 7.733728e+15
974 7.766931e+15
975 7.766931e+15
976 7.777999e+15
977 7.861006e+15
978 7.883142e+15
979 7.916345e+15
980 7.921879e+15
981 7.921879e+15
982 7.971684e+15
983 7.977218e+15
984 7.993819e+15
985 8.076827e+15
986 8.104496e+15
987 8.148767e+15
988 8.159835e+15
989 8.220708e+15
990 8.292648e+15
991 8.386723e+15
992 8.519536e+15
993 8.580409e+15
994 8.657883e+15
995 8.840500e+15
996 8.846034e+15
997 8.884771e+15
998 9.023117e+15
999 9.460293e+15
1000 1.009669e+16
