# E_gamma(MeV)   Spectrum
5.145440e-01 1.559876e+19
5.413360e-01 1.829835e+19
5.695230e-01 2.135821e+19
5.991770e-01 2.384520e+19
6.303750e-01 2.548421e+19
6.631980e-01 2.638008e+19
6.977300e-01 2.674473e+19
7.340600e-01 2.670544e+19
7.722810e-01 2.636992e+19
8.124930e-01 2.581798e+19
8.547980e-01 2.512620e+19
8.993070e-01 2.432972e+19
9.461320e-01 2.346478e+19
9.953960e-01 2.254848e+19
1.047230e+00 2.160920e+19
1.101750e+00 2.066154e+19
1.159120e+00 1.972334e+19
1.219470e+00 1.879083e+19
1.282970e+00 1.787197e+19
1.349770e+00 1.698018e+19
1.420050e+00 1.611569e+19
1.493990e+00 1.527875e+19
1.571780e+00 1.447484e+19
1.653620e+00 1.369509e+19
1.739730e+00 1.295123e+19
1.830310e+00 1.223820e+19
1.925610e+00 1.155794e+19
2.025880e+00 1.090668e+19
2.131360e+00 1.028602e+19
2.242340e+00 9.696249e+18
2.359100e+00 9.133501e+18
2.481930e+00 8.600814e+18
2.611160e+00 8.095209e+18
2.747120e+00 7.615391e+18
2.890160e+00 7.161173e+18
3.040650e+00 6.730800e+18
3.198970e+00 6.324419e+18
3.365530e+00 5.939723e+18
3.540770e+00 5.576003e+18
3.725140e+00 5.233263e+18
3.919100e+00 4.909782e+18
4.123160e+00 4.604499e+18
4.337850e+00 4.317404e+18
4.563720e+00 4.046750e+18
4.801340e+00 3.793764e+18
5.051340e+00 3.555939e+18
5.314360e+00 3.332353e+18
5.591070e+00 3.123607e+18
5.882190e+00 2.928384e+18
6.188470e+00 2.746731e+18
6.510690e+00 2.578056e+18
6.849700e+00 2.421882e+18
7.206350e+00 2.278057e+18
7.581580e+00 2.145926e+18
7.976340e+00 2.025819e+18
8.391660e+00 1.917254e+18
8.828600e+00 1.820230e+18
9.288290e+00 1.734513e+18
9.771920e+00 1.659718e+18
1.028070e+01 1.596698e+18
1.081600e+01 1.542634e+18
1.137920e+01 1.497252e+18
1.197170e+01 1.459827e+18
1.259510e+01 1.427740e+18
1.325090e+01 1.399835e+18
1.394080e+01 1.373017e+18
1.466670e+01 1.345519e+18
1.543040e+01 1.315131e+18
1.623380e+01 1.278931e+18
1.707910e+01 1.236580e+18
1.796840e+01 1.186553e+18
1.890400e+01 1.130670e+18
1.988830e+01 1.068670e+18
2.092380e+01 1.001283e+18
2.201330e+01 9.287560e+17
2.315950e+01 8.495603e+17
2.436540e+01 7.687149e+17
2.563410e+01 6.879990e+17
2.696880e+01 6.128815e+17
2.837300e+01 5.447345e+17
2.985040e+01 4.841616e+17
3.140470e+01 4.301440e+17
3.303990e+01 3.805626e+17
3.476020e+01 3.353727e+17
3.657010e+01 2.937390e+17
3.847430e+01 2.550920e+17
4.047760e+01 2.199366e+17
4.258520e+01 1.873464e+17
4.480250e+01 1.575959e+17
4.713530e+01 1.316961e+17
4.958960e+01 1.091663e+17
5.217170e+01 9.065429e+16
5.488820e+01 7.545013e+16
5.774620e+01 6.320332e+16
6.075290e+01 5.333203e+16
6.391620e+01 4.499507e+16
6.724430e+01 3.813215e+16
7.074560e+01 3.222522e+16
7.442920e+01 2.706634e+16
7.830470e+01 2.251675e+16
8.238190e+01 1.835916e+16
8.667140e+01 1.463589e+16
9.118430e+01 1.143536e+16
9.593210e+01 8.759903e+15
1.009270e+02 6.640219e+15
1.061820e+02 4.955276e+15
1.117110e+02 3.645629e+15
1.175280e+02 2.632230e+15
1.236470e+02 1.858124e+15
1.300850e+02 1.283588e+15
1.368590e+02 8.608383e+14
1.439850e+02 5.693183e+14
1.514820e+02 3.696182e+14
1.593690e+02 2.369860e+14
1.676680e+02 1.517429e+14
1.763980e+02 9.536122e+13
1.855830e+02 5.870762e+13
1.952460e+02 3.508205e+13
2.054120e+02 1.991921e+13
2.161070e+02 1.110914e+13
2.273600e+02 5.875812e+12
2.391980e+02 3.024705e+12
2.516530e+02 1.549603e+12
2.647560e+02 7.459030e+11
2.785410e+02 3.474387e+11
2.930450e+02 1.559460e+11
3.083030e+02 6.555445e+10
3.243560e+02 2.783817e+10
3.412450e+02 1.073448e+10
3.590130e+02 3.811654e+09
3.777060e+02 1.372737e+09
3.973730e+02 4.558681e+08
4.180640e+02 1.447197e+08
4.398320e+02 4.125590e+07
4.627330e+02 1.065988e+07
4.868270e+02 3.014133e+06
5.121760e+02 6.772719e+05
5.388440e+02 1.424920e+05
5.669010e+02 3.150650e+04
5.964180e+02 5.207704e+03
6.274730e+02 9.376164e+02
6.601450e+02 1.477155e+02
6.945180e+02 1.718477e+01
7.306800e+02 2.647150e+00
7.687260e+02 2.821584e-01
8.087520e+02 3.156035e-02
8.508630e+02 2.284948e-03
8.951660e+02 1.432415e-04
9.417770e+02 1.129628e-05
9.908140e+02 6.552824e-07
1.042400e+03 2.895628e-08
1.096680e+03 1.445695e-09
1.153780e+03 5.121734e-11
1.213860e+03 1.761359e-12
1.277060e+03 4.488386e-14
1.343560e+03 9.132974e-16
1.413520e+03 1.824464e-17
1.487120e+03 2.799850e-19
1.564550e+03 2.903061e-21
1.646010e+03 2.964833e-23
1.731720e+03 2.270585e-25
1.821890e+03 1.154805e-27
1.916750e+03 5.636086e-30
2.016550e+03 1.744673e-32
2.121550e+03 4.315261e-35
2.232020e+03 7.781312e-38
2.348230e+03 1.012112e-40
2.470500e+03 9.409559e-44
2.599140e+03 5.543564e-47
2.734470e+03 2.702850e-50
2.876850e+03 7.226718e-54
3.026650e+03 1.388627e-57
3.184240e+03 1.731517e-61
3.350040e+03 1.183080e-65
3.524470e+03 7.378026e-70
3.707990e+03 1.495557e-74
3.901060e+03 2.274735e-79
4.104180e+03 2.623375e-84
4.317880e+03 1.037700e-89
4.542710e+03 2.701335e-95
4.779240e+03 3.510680e-101
5.028090e+03 2.205403e-107
5.289890e+03 2.656459e-112
5.565330e+03 1.936791e-119
5.855110e+03 5.564016e-127
6.159980e+03 1.377166e-135
6.480720e+03 1.491526e-143
6.818160e+03 1.014983e-148
7.173170e+03 8.650132e-157
7.546670e+03 6.435517e-166
7.939620e+03 7.296219e-180
8.353020e+03 5.638913e-185
8.787950e+03 3.729126e-195
9.245530e+03 1.369881e-206
9.726930e+03 1.740909e-217
1.023340e+04 1.055671e-229
1.076620e+04 5.294622e-241
1.132680e+04 1.590948e-254
1.191660e+04 2.710590e-277
1.253710e+04 1.770885e-286
1.318990e+04 6.351775e-295
1.387660e+04 3.021451e-297
1.459920e+04 0.000000e+00
1.535930e+04 0.000000e+00
1.615910e+04 0.000000e+00
1.700050e+04 0.000000e+00
1.788570e+04 0.000000e+00
1.881690e+04 0.000000e+00
1.979670e+04 0.000000e+00
2.082750e+04 0.000000e+00
2.191200e+04 0.000000e+00
2.305290e+04 0.000000e+00
2.425320e+04 0.000000e+00
2.551610e+04 0.000000e+00
2.684460e+04 0.000000e+00
2.824240e+04 0.000000e+00
2.971300e+04 0.000000e+00
3.126010e+04 0.000000e+00
3.288770e+04 0.000000e+00
3.460020e+04 0.000000e+00
3.640170e+04 0.000000e+00
3.829710e+04 0.000000e+00
4.029120e+04 0.000000e+00
4.238910e+04 0.000000e+00
4.459630e+04 0.000000e+00
4.691830e+04 0.000000e+00
4.936130e+04 0.000000e+00
5.193150e+04 0.000000e+00
5.463550e+04 0.000000e+00
5.748030e+04 0.000000e+00
6.047320e+04 0.000000e+00
6.362200e+04 0.000000e+00
6.693470e+04 0.000000e+00
7.041990e+04 0.000000e+00
7.408660e+04 0.000000e+00
7.794420e+04 0.000000e+00
8.200260e+04 0.000000e+00
8.627240e+04 0.000000e+00
9.076450e+04 0.000000e+00
9.549040e+04 0.000000e+00
1.004630e+05 0.000000e+00
1.056930e+05 0.000000e+00
1.111970e+05 0.000000e+00
1.169870e+05 0.000000e+00
1.230780e+05 0.000000e+00
1.294860e+05 0.000000e+00
1.362290e+05 0.000000e+00
1.433220e+05 0.000000e+00
1.507850e+05 0.000000e+00
1.586360e+05 0.000000e+00
1.668960e+05 0.000000e+00
1.755860e+05 0.000000e+00
1.847280e+05 0.000000e+00
1.943470e+05 0.000000e+00
2.044660e+05 0.000000e+00
2.151120e+05 0.000000e+00
2.263130e+05 0.000000e+00
2.380970e+05 0.000000e+00
2.504940e+05 0.000000e+00
2.635370e+05 0.000000e+00
2.772590e+05 0.000000e+00
2.916960e+05 0.000000e+00
3.068840e+05 0.000000e+00
3.228630e+05 0.000000e+00
3.396740e+05 0.000000e+00
3.573600e+05 0.000000e+00
3.759670e+05 0.000000e+00
3.955440e+05 0.000000e+00
4.161390e+05 0.000000e+00
4.378070e+05 0.000000e+00
4.606030e+05 0.000000e+00
4.845860e+05 0.000000e+00
5.098180e+05 0.000000e+00
5.363630e+05 0.000000e+00
5.642910e+05 0.000000e+00
5.936730e+05 0.000000e+00
6.245840e+05 0.000000e+00
6.571060e+05 0.000000e+00
6.913200e+05 0.000000e+00
7.273170e+05 0.000000e+00
7.651870e+05 0.000000e+00
8.050290e+05 0.000000e+00
8.469460e+05 0.000000e+00
8.910450e+05 0.000000e+00
9.374410e+05 0.000000e+00
9.862520e+05 0.000000e+00
1.037610e+06 0.000000e+00
1.091630e+06 0.000000e+00
1.148470e+06 0.000000e+00
1.208270e+06 0.000000e+00
1.271180e+06 0.000000e+00
1.337370e+06 0.000000e+00
1.407010e+06 0.000000e+00
1.480270e+06 0.000000e+00
1.557340e+06 0.000000e+00
1.638430e+06 0.000000e+00
1.723740e+06 0.000000e+00
1.813500e+06 0.000000e+00
1.907920e+06 0.000000e+00
2.007270e+06 0.000000e+00
2.111780e+06 0.000000e+00
2.221740e+06 0.000000e+00
2.337420e+06 0.000000e+00
2.459130e+06 0.000000e+00
2.587170e+06 0.000000e+00
2.721880e+06 0.000000e+00
2.863610e+06 0.000000e+00
3.012710e+06 0.000000e+00
3.169580e+06 0.000000e+00
3.334620e+06 0.000000e+00
3.508250e+06 0.000000e+00
3.690920e+06 0.000000e+00
3.883100e+06 0.000000e+00
4.085290e+06 0.000000e+00
4.298000e+06 0.000000e+00
4.521790e+06 0.000000e+00
4.757240e+06 0.000000e+00
5.004940e+06 0.000000e+00
5.265540e+06 0.000000e+00
5.539710e+06 0.000000e+00
5.828150e+06 0.000000e+00
6.131620e+06 0.000000e+00
6.450880e+06 0.000000e+00
6.786770e+06 0.000000e+00
7.140150e+06 0.000000e+00
7.511930e+06 0.000000e+00
7.903070e+06 0.000000e+00
8.314570e+06 0.000000e+00
8.747500e+06 0.000000e+00
9.202970e+06 0.000000e+00
9.682150e+06 0.000000e+00
1.018630e+07 0.000000e+00
1.071670e+07 0.000000e+00
1.127470e+07 0.000000e+00
1.186170e+07 0.000000e+00
1.247940e+07 0.000000e+00
1.312910e+07 0.000000e+00
1.381280e+07 0.000000e+00
1.453200e+07 0.000000e+00
1.528860e+07 0.000000e+00
1.608470e+07 0.000000e+00
1.692220e+07 0.000000e+00
1.780330e+07 0.000000e+00
1.873030e+07 0.000000e+00
1.970560e+07 0.000000e+00
2.073160e+07 0.000000e+00
2.181110e+07 0.000000e+00
2.294680e+07 0.000000e+00
2.414160e+07 0.000000e+00
2.539860e+07 0.000000e+00
2.672110e+07 0.000000e+00
2.811240e+07 0.000000e+00
2.957620e+07 0.000000e+00
3.111620e+07 0.000000e+00
3.273630e+07 0.000000e+00
3.444090e+07 0.000000e+00
3.623420e+07 0.000000e+00
3.812080e+07 0.000000e+00
4.010570e+07 0.000000e+00
4.219400e+07 0.000000e+00
4.439100e+07 0.000000e+00
4.670230e+07 0.000000e+00
4.913410e+07 0.000000e+00
5.169240e+07 0.000000e+00
5.438400e+07 0.000000e+00
5.721570e+07 0.000000e+00
6.019480e+07 0.000000e+00
6.332910e+07 0.000000e+00
6.662650e+07 0.000000e+00
7.009570e+07 0.000000e+00
7.374550e+07 0.000000e+00
7.758530e+07 0.000000e+00
8.162510e+07 0.000000e+00
8.587520e+07 0.000000e+00
9.034660e+07 0.000000e+00
9.505080e+07 0.000000e+00
1.000000e+08 0.000000e+00
