# Mean mass (g): 3.03e+15
1 6.422405e+14
2 7.002777e+14
3 7.800787e+14
4 8.018427e+14
5 8.526252e+14
6 8.743891e+14
7 9.106624e+14
8 9.179170e+14
9 9.324263e+14
10 9.396809e+14
11 9.541902e+14
12 9.832088e+14
13 1.041246e+15
14 1.055755e+15
15 1.055755e+15
16 1.063010e+15
17 1.092028e+15
18 1.099283e+15
19 1.121047e+15
20 1.128302e+15
21 1.135556e+15
22 1.135556e+15
23 1.142811e+15
24 1.179084e+15
25 1.193593e+15
26 1.193593e+15
27 1.193593e+15
28 1.208103e+15
29 1.222612e+15
30 1.244376e+15
31 1.266140e+15
32 1.266140e+15
33 1.266140e+15
34 1.273395e+15
35 1.287904e+15
36 1.324177e+15
37 1.338686e+15
38 1.345941e+15
39 1.353196e+15
40 1.382214e+15
41 1.389469e+15
42 1.389469e+15
43 1.418487e+15
44 1.432997e+15
45 1.432997e+15
46 1.440251e+15
47 1.440251e+15
48 1.447506e+15
49 1.447506e+15
50 1.469270e+15
51 1.491034e+15
52 1.498289e+15
53 1.498289e+15
54 1.505543e+15
55 1.512798e+15
56 1.512798e+15
57 1.520052e+15
58 1.527307e+15
59 1.534562e+15
60 1.541816e+15
61 1.541816e+15
62 1.541816e+15
63 1.549071e+15
64 1.549071e+15
65 1.563580e+15
66 1.563580e+15
67 1.563580e+15
68 1.570835e+15
69 1.585344e+15
70 1.585344e+15
71 1.592599e+15
72 1.607108e+15
73 1.607108e+15
74 1.614363e+15
75 1.614363e+15
76 1.614363e+15
77 1.621618e+15
78 1.621618e+15
79 1.636127e+15
80 1.636127e+15
81 1.650636e+15
82 1.657891e+15
83 1.657891e+15
84 1.657891e+15
85 1.665145e+15
86 1.672400e+15
87 1.679655e+15
88 1.679655e+15
89 1.686909e+15
90 1.686909e+15
91 1.708673e+15
92 1.715928e+15
93 1.715928e+15
94 1.723183e+15
95 1.730437e+15
96 1.737692e+15
97 1.737692e+15
98 1.744946e+15
99 1.744946e+15
100 1.744946e+15
101 1.752201e+15
102 1.759456e+15
103 1.766710e+15
104 1.773965e+15
105 1.773965e+15
106 1.781220e+15
107 1.781220e+15
108 1.788474e+15
109 1.795729e+15
110 1.802984e+15
111 1.802984e+15
112 1.802984e+15
113 1.810238e+15
114 1.810238e+15
115 1.824748e+15
116 1.832002e+15
117 1.832002e+15
118 1.832002e+15
119 1.839257e+15
120 1.839257e+15
121 1.846512e+15
122 1.853766e+15
123 1.868275e+15
124 1.868275e+15
125 1.875530e+15
126 1.875530e+15
127 1.882785e+15
128 1.890039e+15
129 1.890039e+15
130 1.904549e+15
131 1.904549e+15
132 1.911803e+15
133 1.911803e+15
134 1.940822e+15
135 1.940822e+15
136 1.940822e+15
137 1.948077e+15
138 1.948077e+15
139 1.948077e+15
140 1.962586e+15
141 1.962586e+15
142 1.969840e+15
143 1.969840e+15
144 1.977095e+15
145 1.984350e+15
146 1.998859e+15
147 2.013368e+15
148 2.013368e+15
149 2.020623e+15
150 2.020623e+15
151 2.020623e+15
152 2.027878e+15
153 2.027878e+15
154 2.035132e+15
155 2.042387e+15
156 2.042387e+15
157 2.042387e+15
158 2.042387e+15
159 2.049642e+15
160 2.049642e+15
161 2.049642e+15
162 2.064151e+15
163 2.064151e+15
164 2.064151e+15
165 2.064151e+15
166 2.078660e+15
167 2.078660e+15
168 2.078660e+15
169 2.085915e+15
170 2.085915e+15
171 2.093169e+15
172 2.093169e+15
173 2.093169e+15
174 2.100424e+15
175 2.100424e+15
176 2.100424e+15
177 2.100424e+15
178 2.100424e+15
179 2.100424e+15
180 2.107679e+15
181 2.107679e+15
182 2.107679e+15
183 2.122188e+15
184 2.122188e+15
185 2.122188e+15
186 2.122188e+15
187 2.129443e+15
188 2.129443e+15
189 2.136697e+15
190 2.143952e+15
191 2.143952e+15
192 2.143952e+15
193 2.151207e+15
194 2.158461e+15
195 2.158461e+15
196 2.165716e+15
197 2.165716e+15
198 2.165716e+15
199 2.172971e+15
200 2.172971e+15
201 2.180225e+15
202 2.180225e+15
203 2.187480e+15
204 2.187480e+15
205 2.187480e+15
206 2.194734e+15
207 2.194734e+15
208 2.201989e+15
209 2.201989e+15
210 2.201989e+15
211 2.201989e+15
212 2.209244e+15
213 2.209244e+15
214 2.209244e+15
215 2.216498e+15
216 2.238262e+15
217 2.238262e+15
218 2.252772e+15
219 2.260026e+15
220 2.260026e+15
221 2.267281e+15
222 2.267281e+15
223 2.274536e+15
224 2.274536e+15
225 2.274536e+15
226 2.274536e+15
227 2.281790e+15
228 2.281790e+15
229 2.281790e+15
230 2.289045e+15
231 2.296299e+15
232 2.296299e+15
233 2.303554e+15
234 2.310809e+15
235 2.310809e+15
236 2.310809e+15
237 2.318063e+15
238 2.318063e+15
239 2.318063e+15
240 2.325318e+15
241 2.325318e+15
242 2.325318e+15
243 2.325318e+15
244 2.325318e+15
245 2.332573e+15
246 2.332573e+15
247 2.332573e+15
248 2.332573e+15
249 2.332573e+15
250 2.339827e+15
251 2.339827e+15
252 2.339827e+15
253 2.339827e+15
254 2.347082e+15
255 2.347082e+15
256 2.347082e+15
257 2.347082e+15
258 2.347082e+15
259 2.354337e+15
260 2.354337e+15
261 2.354337e+15
262 2.361591e+15
263 2.368846e+15
264 2.368846e+15
265 2.368846e+15
266 2.383355e+15
267 2.383355e+15
268 2.383355e+15
269 2.383355e+15
270 2.383355e+15
271 2.383355e+15
272 2.390610e+15
273 2.390610e+15
274 2.397864e+15
275 2.397864e+15
276 2.397864e+15
277 2.405119e+15
278 2.405119e+15
279 2.405119e+15
280 2.412374e+15
281 2.419628e+15
282 2.419628e+15
283 2.419628e+15
284 2.419628e+15
285 2.419628e+15
286 2.419628e+15
287 2.426883e+15
288 2.434138e+15
289 2.441392e+15
290 2.441392e+15
291 2.448647e+15
292 2.448647e+15
293 2.448647e+15
294 2.448647e+15
295 2.448647e+15
296 2.455902e+15
297 2.455902e+15
298 2.455902e+15
299 2.455902e+15
300 2.463156e+15
301 2.463156e+15
302 2.463156e+15
303 2.470411e+15
304 2.470411e+15
305 2.470411e+15
306 2.477666e+15
307 2.477666e+15
308 2.477666e+15
309 2.484920e+15
310 2.492175e+15
311 2.492175e+15
312 2.492175e+15
313 2.492175e+15
314 2.499430e+15
315 2.499430e+15
316 2.499430e+15
317 2.506684e+15
318 2.506684e+15
319 2.513939e+15
320 2.513939e+15
321 2.521193e+15
322 2.521193e+15
323 2.521193e+15
324 2.521193e+15
325 2.528448e+15
326 2.528448e+15
327 2.535703e+15
328 2.542957e+15
329 2.542957e+15
330 2.542957e+15
331 2.542957e+15
332 2.542957e+15
333 2.550212e+15
334 2.550212e+15
335 2.550212e+15
336 2.550212e+15
337 2.550212e+15
338 2.550212e+15
339 2.557467e+15
340 2.557467e+15
341 2.564721e+15
342 2.564721e+15
343 2.564721e+15
344 2.564721e+15
345 2.564721e+15
346 2.564721e+15
347 2.571976e+15
348 2.579231e+15
349 2.579231e+15
350 2.579231e+15
351 2.586485e+15
352 2.586485e+15
353 2.586485e+15
354 2.586485e+15
355 2.593740e+15
356 2.593740e+15
357 2.593740e+15
358 2.600995e+15
359 2.608249e+15
360 2.608249e+15
361 2.608249e+15
362 2.615504e+15
363 2.622758e+15
364 2.622758e+15
365 2.622758e+15
366 2.622758e+15
367 2.622758e+15
368 2.630013e+15
369 2.651777e+15
370 2.651777e+15
371 2.651777e+15
372 2.666286e+15
373 2.673541e+15
374 2.673541e+15
375 2.680796e+15
376 2.680796e+15
377 2.680796e+15
378 2.688050e+15
379 2.688050e+15
380 2.688050e+15
381 2.688050e+15
382 2.695305e+15
383 2.695305e+15
384 2.695305e+15
385 2.702560e+15
386 2.702560e+15
387 2.702560e+15
388 2.717069e+15
389 2.717069e+15
390 2.717069e+15
391 2.724324e+15
392 2.724324e+15
393 2.731578e+15
394 2.731578e+15
395 2.731578e+15
396 2.731578e+15
397 2.738833e+15
398 2.738833e+15
399 2.738833e+15
400 2.746087e+15
401 2.746087e+15
402 2.746087e+15
403 2.746087e+15
404 2.746087e+15
405 2.753342e+15
406 2.760597e+15
407 2.760597e+15
408 2.760597e+15
409 2.760597e+15
410 2.760597e+15
411 2.760597e+15
412 2.760597e+15
413 2.760597e+15
414 2.760597e+15
415 2.767851e+15
416 2.767851e+15
417 2.767851e+15
418 2.775106e+15
419 2.775106e+15
420 2.775106e+15
421 2.782361e+15
422 2.782361e+15
423 2.789615e+15
424 2.796870e+15
425 2.796870e+15
426 2.796870e+15
427 2.796870e+15
428 2.796870e+15
429 2.804125e+15
430 2.804125e+15
431 2.804125e+15
432 2.804125e+15
433 2.811379e+15
434 2.811379e+15
435 2.818634e+15
436 2.818634e+15
437 2.825889e+15
438 2.833143e+15
439 2.840398e+15
440 2.840398e+15
441 2.840398e+15
442 2.840398e+15
443 2.840398e+15
444 2.840398e+15
445 2.847652e+15
446 2.847652e+15
447 2.854907e+15
448 2.854907e+15
449 2.862162e+15
450 2.862162e+15
451 2.862162e+15
452 2.862162e+15
453 2.862162e+15
454 2.869416e+15
455 2.869416e+15
456 2.869416e+15
457 2.869416e+15
458 2.876671e+15
459 2.876671e+15
460 2.876671e+15
461 2.876671e+15
462 2.883926e+15
463 2.898435e+15
464 2.898435e+15
465 2.898435e+15
466 2.898435e+15
467 2.905690e+15
468 2.905690e+15
469 2.905690e+15
470 2.905690e+15
471 2.912944e+15
472 2.912944e+15
473 2.912944e+15
474 2.912944e+15
475 2.920199e+15
476 2.920199e+15
477 2.927454e+15
478 2.927454e+15
479 2.927454e+15
480 2.927454e+15
481 2.927454e+15
482 2.927454e+15
483 2.927454e+15
484 2.927454e+15
485 2.934708e+15
486 2.941963e+15
487 2.941963e+15
488 2.941963e+15
489 2.949217e+15
490 2.949217e+15
491 2.956472e+15
492 2.956472e+15
493 2.956472e+15
494 2.956472e+15
495 2.963727e+15
496 2.963727e+15
497 2.970981e+15
498 2.970981e+15
499 2.970981e+15
500 2.978236e+15
501 2.978236e+15
502 2.985491e+15
503 2.992745e+15
504 3.014509e+15
505 3.014509e+15
506 3.014509e+15
507 3.021764e+15
508 3.021764e+15
509 3.029019e+15
510 3.029019e+15
511 3.036273e+15
512 3.036273e+15
513 3.036273e+15
514 3.036273e+15
515 3.036273e+15
516 3.043528e+15
517 3.050783e+15
518 3.058037e+15
519 3.058037e+15
520 3.058037e+15
521 3.058037e+15
522 3.058037e+15
523 3.065292e+15
524 3.065292e+15
525 3.065292e+15
526 3.065292e+15
527 3.065292e+15
528 3.072546e+15
529 3.079801e+15
530 3.079801e+15
531 3.087056e+15
532 3.087056e+15
533 3.087056e+15
534 3.087056e+15
535 3.087056e+15
536 3.094310e+15
537 3.094310e+15
538 3.101565e+15
539 3.101565e+15
540 3.101565e+15
541 3.101565e+15
542 3.101565e+15
543 3.101565e+15
544 3.108820e+15
545 3.108820e+15
546 3.108820e+15
547 3.108820e+15
548 3.108820e+15
549 3.108820e+15
550 3.116074e+15
551 3.116074e+15
552 3.116074e+15
553 3.123329e+15
554 3.123329e+15
555 3.123329e+15
556 3.123329e+15
557 3.123329e+15
558 3.123329e+15
559 3.123329e+15
560 3.123329e+15
561 3.137838e+15
562 3.137838e+15
563 3.145093e+15
564 3.145093e+15
565 3.145093e+15
566 3.145093e+15
567 3.145093e+15
568 3.152348e+15
569 3.152348e+15
570 3.159602e+15
571 3.159602e+15
572 3.159602e+15
573 3.159602e+15
574 3.166857e+15
575 3.166857e+15
576 3.174111e+15
577 3.174111e+15
578 3.181366e+15
579 3.188621e+15
580 3.188621e+15
581 3.188621e+15
582 3.195875e+15
583 3.195875e+15
584 3.195875e+15
585 3.195875e+15
586 3.210385e+15
587 3.210385e+15
588 3.210385e+15
589 3.217639e+15
590 3.217639e+15
591 3.217639e+15
592 3.217639e+15
593 3.217639e+15
594 3.224894e+15
595 3.232149e+15
596 3.232149e+15
597 3.232149e+15
598 3.239403e+15
599 3.246658e+15
600 3.246658e+15
601 3.246658e+15
602 3.246658e+15
603 3.253913e+15
604 3.253913e+15
605 3.261167e+15
606 3.261167e+15
607 3.275676e+15
608 3.275676e+15
609 3.275676e+15
610 3.275676e+15
611 3.282931e+15
612 3.282931e+15
613 3.290186e+15
614 3.290186e+15
615 3.304695e+15
616 3.304695e+15
617 3.304695e+15
618 3.304695e+15
619 3.304695e+15
620 3.304695e+15
621 3.311950e+15
622 3.311950e+15
623 3.311950e+15
624 3.319204e+15
625 3.319204e+15
626 3.333714e+15
627 3.340968e+15
628 3.340968e+15
629 3.340968e+15
630 3.348223e+15
631 3.348223e+15
632 3.348223e+15
633 3.355478e+15
634 3.355478e+15
635 3.355478e+15
636 3.355478e+15
637 3.355478e+15
638 3.355478e+15
639 3.355478e+15
640 3.362732e+15
641 3.362732e+15
642 3.369987e+15
643 3.369987e+15
644 3.369987e+15
645 3.369987e+15
646 3.377242e+15
647 3.384496e+15
648 3.384496e+15
649 3.384496e+15
650 3.384496e+15
651 3.391751e+15
652 3.391751e+15
653 3.391751e+15
654 3.391751e+15
655 3.391751e+15
656 3.391751e+15
657 3.399005e+15
658 3.399005e+15
659 3.399005e+15
660 3.399005e+15
661 3.406260e+15
662 3.406260e+15
663 3.406260e+15
664 3.406260e+15
665 3.406260e+15
666 3.406260e+15
667 3.406260e+15
668 3.413515e+15
669 3.420769e+15
670 3.420769e+15
671 3.428024e+15
672 3.428024e+15
673 3.428024e+15
674 3.435279e+15
675 3.435279e+15
676 3.435279e+15
677 3.435279e+15
678 3.442533e+15
679 3.442533e+15
680 3.449788e+15
681 3.457043e+15
682 3.457043e+15
683 3.457043e+15
684 3.471552e+15
685 3.471552e+15
686 3.478807e+15
687 3.486061e+15
688 3.486061e+15
689 3.486061e+15
690 3.493316e+15
691 3.507825e+15
692 3.507825e+15
693 3.507825e+15
694 3.515080e+15
695 3.515080e+15
696 3.529589e+15
697 3.529589e+15
698 3.529589e+15
699 3.529589e+15
700 3.536844e+15
701 3.536844e+15
702 3.536844e+15
703 3.536844e+15
704 3.544098e+15
705 3.544098e+15
706 3.544098e+15
707 3.551353e+15
708 3.551353e+15
709 3.551353e+15
710 3.551353e+15
711 3.551353e+15
712 3.558608e+15
713 3.558608e+15
714 3.565862e+15
715 3.565862e+15
716 3.565862e+15
717 3.565862e+15
718 3.565862e+15
719 3.565862e+15
720 3.573117e+15
721 3.580372e+15
722 3.580372e+15
723 3.587626e+15
724 3.594881e+15
725 3.594881e+15
726 3.602136e+15
727 3.609390e+15
728 3.616645e+15
729 3.616645e+15
730 3.616645e+15
731 3.631154e+15
732 3.638409e+15
733 3.638409e+15
734 3.645663e+15
735 3.652918e+15
736 3.652918e+15
737 3.660173e+15
738 3.660173e+15
739 3.660173e+15
740 3.667427e+15
741 3.667427e+15
742 3.667427e+15
743 3.667427e+15
744 3.667427e+15
745 3.674682e+15
746 3.681937e+15
747 3.681937e+15
748 3.689191e+15
749 3.689191e+15
750 3.696446e+15
751 3.703701e+15
752 3.703701e+15
753 3.710955e+15
754 3.718210e+15
755 3.725464e+15
756 3.725464e+15
757 3.725464e+15
758 3.725464e+15
759 3.725464e+15
760 3.732719e+15
761 3.747228e+15
762 3.747228e+15
763 3.747228e+15
764 3.754483e+15
765 3.754483e+15
766 3.754483e+15
767 3.761738e+15
768 3.768992e+15
769 3.768992e+15
770 3.768992e+15
771 3.768992e+15
772 3.768992e+15
773 3.768992e+15
774 3.776247e+15
775 3.776247e+15
776 3.783502e+15
777 3.783502e+15
778 3.790756e+15
779 3.798011e+15
780 3.798011e+15
781 3.805266e+15
782 3.812520e+15
783 3.812520e+15
784 3.812520e+15
785 3.819775e+15
786 3.827029e+15
787 3.827029e+15
788 3.827029e+15
789 3.827029e+15
790 3.834284e+15
791 3.841539e+15
792 3.841539e+15
793 3.856048e+15
794 3.856048e+15
795 3.856048e+15
796 3.863303e+15
797 3.863303e+15
798 3.863303e+15
799 3.870557e+15
800 3.885067e+15
801 3.885067e+15
802 3.899576e+15
803 3.899576e+15
804 3.899576e+15
805 3.899576e+15
806 3.899576e+15
807 3.906831e+15
808 3.906831e+15
809 3.906831e+15
810 3.906831e+15
811 3.914085e+15
812 3.921340e+15
813 3.921340e+15
814 3.921340e+15
815 3.928595e+15
816 3.928595e+15
817 3.928595e+15
818 3.935849e+15
819 3.935849e+15
820 3.950358e+15
821 3.950358e+15
822 3.950358e+15
823 3.950358e+15
824 3.957613e+15
825 3.964868e+15
826 3.979377e+15
827 3.979377e+15
828 3.979377e+15
829 3.986632e+15
830 4.001141e+15
831 4.015650e+15
832 4.015650e+15
833 4.015650e+15
834 4.015650e+15
835 4.022905e+15
836 4.037414e+15
837 4.037414e+15
838 4.044669e+15
839 4.044669e+15
840 4.044669e+15
841 4.044669e+15
842 4.051923e+15
843 4.051923e+15
844 4.051923e+15
845 4.059178e+15
846 4.059178e+15
847 4.080942e+15
848 4.080942e+15
849 4.088197e+15
850 4.095451e+15
851 4.109961e+15
852 4.109961e+15
853 4.109961e+15
854 4.117215e+15
855 4.131725e+15
856 4.138979e+15
857 4.146234e+15
858 4.146234e+15
859 4.153488e+15
860 4.160743e+15
861 4.160743e+15
862 4.160743e+15
863 4.167998e+15
864 4.167998e+15
865 4.175252e+15
866 4.175252e+15
867 4.182507e+15
868 4.182507e+15
869 4.182507e+15
870 4.189762e+15
871 4.189762e+15
872 4.189762e+15
873 4.189762e+15
874 4.204271e+15
875 4.204271e+15
876 4.211526e+15
877 4.211526e+15
878 4.218780e+15
879 4.218780e+15
880 4.218780e+15
881 4.233290e+15
882 4.233290e+15
883 4.233290e+15
884 4.240544e+15
885 4.240544e+15
886 4.240544e+15
887 4.247799e+15
888 4.262308e+15
889 4.262308e+15
890 4.269563e+15
891 4.269563e+15
892 4.276817e+15
893 4.276817e+15
894 4.276817e+15
895 4.291327e+15
896 4.298581e+15
897 4.298581e+15
898 4.298581e+15
899 4.298581e+15
900 4.305836e+15
901 4.320345e+15
902 4.327600e+15
903 4.334855e+15
904 4.342109e+15
905 4.349364e+15
906 4.363873e+15
907 4.378382e+15
908 4.378382e+15
909 4.378382e+15
910 4.378382e+15
911 4.392892e+15
912 4.392892e+15
913 4.400146e+15
914 4.400146e+15
915 4.407401e+15
916 4.436420e+15
917 4.450929e+15
918 4.450929e+15
919 4.458184e+15
920 4.465438e+15
921 4.465438e+15
922 4.465438e+15
923 4.465438e+15
924 4.479948e+15
925 4.479948e+15
926 4.479948e+15
927 4.487202e+15
928 4.494457e+15
929 4.516221e+15
930 4.537985e+15
931 4.552494e+15
932 4.567003e+15
933 4.574258e+15
934 4.574258e+15
935 4.603276e+15
936 4.617786e+15
937 4.625040e+15
938 4.632295e+15
939 4.632295e+15
940 4.632295e+15
941 4.654059e+15
942 4.654059e+15
943 4.654059e+15
944 4.654059e+15
945 4.654059e+15
946 4.668568e+15
947 4.668568e+15
948 4.683078e+15
949 4.683078e+15
950 4.697587e+15
951 4.697587e+15
952 4.704841e+15
953 4.712096e+15
954 4.712096e+15
955 4.719351e+15
956 4.719351e+15
957 4.719351e+15
958 4.741115e+15
959 4.748369e+15
960 4.770133e+15
961 4.791897e+15
962 4.791897e+15
963 4.791897e+15
964 4.799152e+15
965 4.806407e+15
966 4.813661e+15
967 4.864444e+15
968 4.864444e+15
969 4.871698e+15
970 4.871698e+15
971 4.907972e+15
972 4.915226e+15
973 4.966009e+15
974 4.980518e+15
975 4.995027e+15
976 5.009537e+15
977 5.016791e+15
978 5.045810e+15
979 5.053064e+15
980 5.140120e+15
981 5.140120e+15
982 5.154629e+15
983 5.176393e+15
984 5.234431e+15
985 5.277958e+15
986 5.277958e+15
987 5.277958e+15
988 5.285213e+15
989 5.343250e+15
990 5.452070e+15
991 5.473834e+15
992 5.510107e+15
993 5.539126e+15
994 5.546380e+15
995 5.626181e+15
996 5.836566e+15
997 5.894603e+15
998 6.199298e+15
999 6.337137e+15
1000 6.467720e+15
