# Mean mass (g): 7.09e+15
1 8.410812e+14
2 1.315638e+15
3 1.583865e+15
4 1.583865e+15
5 1.666397e+15
6 1.810827e+15
7 1.986207e+15
8 2.006840e+15
9 2.089371e+15
10 2.099688e+15
11 2.264751e+15
12 2.264751e+15
13 2.326650e+15
14 2.347282e+15
15 2.615510e+15
16 2.646459e+15
17 2.667092e+15
18 2.667092e+15
19 2.667092e+15
20 2.687725e+15
21 2.708358e+15
22 2.739307e+15
23 2.739307e+15
24 2.749624e+15
25 2.832155e+15
26 2.832155e+15
27 2.842472e+15
28 2.852788e+15
29 2.863105e+15
30 2.863105e+15
31 2.863105e+15
32 2.873421e+15
33 2.873421e+15
34 2.873421e+15
35 2.883738e+15
36 2.904371e+15
37 2.904371e+15
38 2.925003e+15
39 2.925003e+15
40 2.955953e+15
41 2.986902e+15
42 3.038484e+15
43 3.038484e+15
44 3.079750e+15
45 3.131332e+15
46 3.172598e+15
47 3.193231e+15
48 3.203548e+15
49 3.224180e+15
50 3.224180e+15
51 3.234497e+15
52 3.244813e+15
53 3.255130e+15
54 3.286079e+15
55 3.296396e+15
56 3.306712e+15
57 3.306712e+15
58 3.317028e+15
59 3.337661e+15
60 3.399560e+15
61 3.461459e+15
62 3.492408e+15
63 3.502724e+15
64 3.502724e+15
65 3.523357e+15
66 3.523357e+15
67 3.564623e+15
68 3.564623e+15
69 3.574940e+15
70 3.574940e+15
71 3.585256e+15
72 3.595573e+15
73 3.605889e+15
74 3.616205e+15
75 3.657471e+15
76 3.667788e+15
77 3.688421e+15
78 3.688421e+15
79 3.709053e+15
80 3.729686e+15
81 3.791585e+15
82 3.791585e+15
83 3.822534e+15
84 3.853484e+15
85 3.853484e+15
86 3.884433e+15
87 3.915382e+15
88 3.925699e+15
89 3.966965e+15
90 3.966965e+15
91 3.966965e+15
92 4.018547e+15
93 4.049496e+15
94 4.059813e+15
95 4.070129e+15
96 4.080446e+15
97 4.080446e+15
98 4.090762e+15
99 4.090762e+15
100 4.111395e+15
101 4.142344e+15
102 4.142344e+15
103 4.152661e+15
104 4.162977e+15
105 4.162977e+15
106 4.183610e+15
107 4.193926e+15
108 4.235192e+15
109 4.235192e+15
110 4.245509e+15
111 4.266142e+15
112 4.266142e+15
113 4.307407e+15
114 4.307407e+15
115 4.307407e+15
116 4.307407e+15
117 4.317724e+15
118 4.328040e+15
119 4.338357e+15
120 4.338357e+15
121 4.348673e+15
122 4.348673e+15
123 4.369306e+15
124 4.389939e+15
125 4.410572e+15
126 4.410572e+15
127 4.420888e+15
128 4.431205e+15
129 4.431205e+15
130 4.441521e+15
131 4.451838e+15
132 4.451838e+15
133 4.451838e+15
134 4.462154e+15
135 4.482787e+15
136 4.482787e+15
137 4.482787e+15
138 4.493103e+15
139 4.493103e+15
140 4.503420e+15
141 4.513736e+15
142 4.513736e+15
143 4.534369e+15
144 4.544686e+15
145 4.555002e+15
146 4.565319e+15
147 4.565319e+15
148 4.575635e+15
149 4.616901e+15
150 4.616901e+15
151 4.616901e+15
152 4.627217e+15
153 4.637534e+15
154 4.647850e+15
155 4.647850e+15
156 4.709749e+15
157 4.709749e+15
158 4.709749e+15
159 4.709749e+15
160 4.720065e+15
161 4.720065e+15
162 4.730382e+15
163 4.730382e+15
164 4.740698e+15
165 4.751015e+15
166 4.751015e+15
167 4.792280e+15
168 4.802597e+15
169 4.812913e+15
170 4.812913e+15
171 4.812913e+15
172 4.823230e+15
173 4.823230e+15
174 4.843863e+15
175 4.885128e+15
176 4.885128e+15
177 4.885128e+15
178 4.895445e+15
179 4.916078e+15
180 4.916078e+15
181 4.926394e+15
182 4.936711e+15
183 4.947027e+15
184 4.947027e+15
185 4.988293e+15
186 4.988293e+15
187 4.998609e+15
188 4.998609e+15
189 4.998609e+15
190 5.008926e+15
191 5.019242e+15
192 5.019242e+15
193 5.039875e+15
194 5.039875e+15
195 5.039875e+15
196 5.039875e+15
197 5.050192e+15
198 5.050192e+15
199 5.070824e+15
200 5.081141e+15
201 5.081141e+15
202 5.091457e+15
203 5.101774e+15
204 5.112090e+15
205 5.122407e+15
206 5.122407e+15
207 5.132723e+15
208 5.143040e+15
209 5.153356e+15
210 5.153356e+15
211 5.163672e+15
212 5.194622e+15
213 5.194622e+15
214 5.204938e+15
215 5.225571e+15
216 5.225571e+15
217 5.235888e+15
218 5.235888e+15
219 5.246204e+15
220 5.246204e+15
221 5.256520e+15
222 5.256520e+15
223 5.266837e+15
224 5.266837e+15
225 5.266837e+15
226 5.277153e+15
227 5.277153e+15
228 5.297786e+15
229 5.308103e+15
230 5.308103e+15
231 5.308103e+15
232 5.318419e+15
233 5.318419e+15
234 5.328736e+15
235 5.328736e+15
236 5.339052e+15
237 5.349368e+15
238 5.359685e+15
239 5.380318e+15
240 5.390634e+15
241 5.390634e+15
242 5.390634e+15
243 5.390634e+15
244 5.390634e+15
245 5.390634e+15
246 5.400951e+15
247 5.431900e+15
248 5.431900e+15
249 5.442217e+15
250 5.452533e+15
251 5.452533e+15
252 5.452533e+15
253 5.452533e+15
254 5.462849e+15
255 5.483482e+15
256 5.493799e+15
257 5.493799e+15
258 5.493799e+15
259 5.493799e+15
260 5.504115e+15
261 5.514432e+15
262 5.514432e+15
263 5.514432e+15
264 5.524748e+15
265 5.524748e+15
266 5.545381e+15
267 5.545381e+15
268 5.555697e+15
269 5.576330e+15
270 5.576330e+15
271 5.576330e+15
272 5.586647e+15
273 5.586647e+15
274 5.596963e+15
275 5.607280e+15
276 5.627913e+15
277 5.648545e+15
278 5.658862e+15
279 5.679495e+15
280 5.689811e+15
281 5.700128e+15
282 5.700128e+15
283 5.710444e+15
284 5.720761e+15
285 5.720761e+15
286 5.751710e+15
287 5.762026e+15
288 5.772343e+15
289 5.782659e+15
290 5.782659e+15
291 5.782659e+15
292 5.782659e+15
293 5.792976e+15
294 5.803292e+15
295 5.803292e+15
296 5.813609e+15
297 5.813609e+15
298 5.823925e+15
299 5.834241e+15
300 5.834241e+15
301 5.834241e+15
302 5.844558e+15
303 5.844558e+15
304 5.844558e+15
305 5.844558e+15
306 5.865191e+15
307 5.875507e+15
308 5.896140e+15
309 5.947722e+15
310 5.958039e+15
311 5.958039e+15
312 5.968355e+15
313 5.978672e+15
314 5.978672e+15
315 5.978672e+15
316 5.978672e+15
317 5.988988e+15
318 5.999305e+15
319 5.999305e+15
320 6.009621e+15
321 6.009621e+15
322 6.009621e+15
323 6.009621e+15
324 6.019938e+15
325 6.019938e+15
326 6.030254e+15
327 6.040570e+15
328 6.040570e+15
329 6.050887e+15
330 6.050887e+15
331 6.050887e+15
332 6.050887e+15
333 6.061203e+15
334 6.061203e+15
335 6.061203e+15
336 6.081836e+15
337 6.081836e+15
338 6.092153e+15
339 6.102469e+15
340 6.123102e+15
341 6.123102e+15
342 6.123102e+15
343 6.133418e+15
344 6.133418e+15
345 6.154051e+15
346 6.164368e+15
347 6.174684e+15
348 6.185001e+15
349 6.185001e+15
350 6.185001e+15
351 6.195317e+15
352 6.205634e+15
353 6.205634e+15
354 6.205634e+15
355 6.205634e+15
356 6.215950e+15
357 6.215950e+15
358 6.215950e+15
359 6.215950e+15
360 6.226266e+15
361 6.226266e+15
362 6.236583e+15
363 6.236583e+15
364 6.236583e+15
365 6.246899e+15
366 6.257216e+15
367 6.257216e+15
368 6.257216e+15
369 6.267532e+15
370 6.267532e+15
371 6.277849e+15
372 6.277849e+15
373 6.288165e+15
374 6.288165e+15
375 6.298482e+15
376 6.298482e+15
377 6.308798e+15
378 6.319115e+15
379 6.339747e+15
380 6.339747e+15
381 6.339747e+15
382 6.350064e+15
383 6.350064e+15
384 6.350064e+15
385 6.360380e+15
386 6.360380e+15
387 6.370697e+15
388 6.370697e+15
389 6.381013e+15
390 6.381013e+15
391 6.381013e+15
392 6.381013e+15
393 6.391330e+15
394 6.401646e+15
395 6.401646e+15
396 6.401646e+15
397 6.401646e+15
398 6.401646e+15
399 6.411963e+15
400 6.422279e+15
401 6.422279e+15
402 6.422279e+15
403 6.422279e+15
404 6.442912e+15
405 6.442912e+15
406 6.453228e+15
407 6.473861e+15
408 6.473861e+15
409 6.473861e+15
410 6.484178e+15
411 6.484178e+15
412 6.504811e+15
413 6.504811e+15
414 6.515127e+15
415 6.525443e+15
416 6.535760e+15
417 6.546076e+15
418 6.556393e+15
419 6.556393e+15
420 6.566709e+15
421 6.577026e+15
422 6.577026e+15
423 6.587342e+15
424 6.597659e+15
425 6.607975e+15
426 6.607975e+15
427 6.607975e+15
428 6.607975e+15
429 6.607975e+15
430 6.618291e+15
431 6.618291e+15
432 6.638924e+15
433 6.638924e+15
434 6.649241e+15
435 6.649241e+15
436 6.649241e+15
437 6.669874e+15
438 6.711139e+15
439 6.711139e+15
440 6.721456e+15
441 6.731772e+15
442 6.742089e+15
443 6.752405e+15
444 6.752405e+15
445 6.752405e+15
446 6.762722e+15
447 6.762722e+15
448 6.762722e+15
449 6.762722e+15
450 6.773038e+15
451 6.773038e+15
452 6.783355e+15
453 6.803988e+15
454 6.803988e+15
455 6.824620e+15
456 6.824620e+15
457 6.824620e+15
458 6.824620e+15
459 6.855570e+15
460 6.855570e+15
461 6.855570e+15
462 6.855570e+15
463 6.855570e+15
464 6.865886e+15
465 6.896836e+15
466 6.896836e+15
467 6.896836e+15
468 6.896836e+15
469 6.907152e+15
470 6.907152e+15
471 6.917468e+15
472 6.917468e+15
473 6.917468e+15
474 6.927785e+15
475 6.927785e+15
476 6.927785e+15
477 6.948418e+15
478 6.948418e+15
479 6.958734e+15
480 6.969051e+15
481 6.969051e+15
482 6.969051e+15
483 6.979367e+15
484 6.989684e+15
485 6.989684e+15
486 7.000000e+15
487 7.000000e+15
488 7.000000e+15
489 7.000000e+15
490 7.000000e+15
491 7.000000e+15
492 7.010316e+15
493 7.020633e+15
494 7.020633e+15
495 7.020633e+15
496 7.030949e+15
497 7.030949e+15
498 7.030949e+15
499 7.041266e+15
500 7.041266e+15
501 7.041266e+15
502 7.051582e+15
503 7.051582e+15
504 7.061899e+15
505 7.061899e+15
506 7.061899e+15
507 7.072215e+15
508 7.072215e+15
509 7.082532e+15
510 7.103164e+15
511 7.103164e+15
512 7.103164e+15
513 7.113481e+15
514 7.113481e+15
515 7.113481e+15
516 7.123797e+15
517 7.144430e+15
518 7.144430e+15
519 7.154747e+15
520 7.154747e+15
521 7.154747e+15
522 7.165063e+15
523 7.165063e+15
524 7.175380e+15
525 7.185696e+15
526 7.196012e+15
527 7.206329e+15
528 7.216645e+15
529 7.226962e+15
530 7.237278e+15
531 7.237278e+15
532 7.247595e+15
533 7.247595e+15
534 7.257911e+15
535 7.257911e+15
536 7.257911e+15
537 7.268228e+15
538 7.268228e+15
539 7.268228e+15
540 7.288861e+15
541 7.288861e+15
542 7.299177e+15
543 7.309493e+15
544 7.309493e+15
545 7.309493e+15
546 7.319810e+15
547 7.319810e+15
548 7.340443e+15
549 7.340443e+15
550 7.350759e+15
551 7.350759e+15
552 7.350759e+15
553 7.361076e+15
554 7.361076e+15
555 7.361076e+15
556 7.371392e+15
557 7.371392e+15
558 7.381709e+15
559 7.392025e+15
560 7.392025e+15
561 7.392025e+15
562 7.402341e+15
563 7.402341e+15
564 7.412658e+15
565 7.422974e+15
566 7.443607e+15
567 7.443607e+15
568 7.453924e+15
569 7.453924e+15
570 7.464240e+15
571 7.474557e+15
572 7.474557e+15
573 7.474557e+15
574 7.495189e+15
575 7.495189e+15
576 7.505506e+15
577 7.505506e+15
578 7.515822e+15
579 7.515822e+15
580 7.515822e+15
581 7.536455e+15
582 7.536455e+15
583 7.546772e+15
584 7.557088e+15
585 7.557088e+15
586 7.567405e+15
587 7.567405e+15
588 7.567405e+15
589 7.567405e+15
590 7.567405e+15
591 7.577721e+15
592 7.588037e+15
593 7.588037e+15
594 7.598354e+15
595 7.598354e+15
596 7.598354e+15
597 7.618987e+15
598 7.618987e+15
599 7.618987e+15
600 7.629303e+15
601 7.629303e+15
602 7.649936e+15
603 7.649936e+15
604 7.660253e+15
605 7.660253e+15
606 7.670569e+15
607 7.680885e+15
608 7.691202e+15
609 7.701518e+15
610 7.701518e+15
611 7.701518e+15
612 7.701518e+15
613 7.711835e+15
614 7.711835e+15
615 7.722151e+15
616 7.722151e+15
617 7.722151e+15
618 7.732468e+15
619 7.742784e+15
620 7.742784e+15
621 7.753101e+15
622 7.753101e+15
623 7.763417e+15
624 7.763417e+15
625 7.773734e+15
626 7.784050e+15
627 7.784050e+15
628 7.794366e+15
629 7.794366e+15
630 7.794366e+15
631 7.814999e+15
632 7.825316e+15
633 7.835632e+15
634 7.835632e+15
635 7.845949e+15
636 7.845949e+15
637 7.845949e+15
638 7.856265e+15
639 7.866582e+15
640 7.866582e+15
641 7.876898e+15
642 7.876898e+15
643 7.876898e+15
644 7.907847e+15
645 7.907847e+15
646 7.907847e+15
647 7.918164e+15
648 7.918164e+15
649 7.928480e+15
650 7.938797e+15
651 7.938797e+15
652 7.949113e+15
653 7.949113e+15
654 7.959430e+15
655 7.990379e+15
656 7.990379e+15
657 8.000695e+15
658 8.011012e+15
659 8.021328e+15
660 8.021328e+15
661 8.031645e+15
662 8.031645e+15
663 8.041961e+15
664 8.041961e+15
665 8.041961e+15
666 8.041961e+15
667 8.052278e+15
668 8.052278e+15
669 8.052278e+15
670 8.052278e+15
671 8.062594e+15
672 8.083227e+15
673 8.083227e+15
674 8.083227e+15
675 8.093543e+15
676 8.093543e+15
677 8.114176e+15
678 8.124493e+15
679 8.134809e+15
680 8.134809e+15
681 8.134809e+15
682 8.145126e+15
683 8.145126e+15
684 8.145126e+15
685 8.155442e+15
686 8.155442e+15
687 8.155442e+15
688 8.196708e+15
689 8.196708e+15
690 8.207024e+15
691 8.207024e+15
692 8.217341e+15
693 8.217341e+15
694 8.227657e+15
695 8.237974e+15
696 8.237974e+15
697 8.248290e+15
698 8.258607e+15
699 8.268923e+15
700 8.268923e+15
701 8.268923e+15
702 8.268923e+15
703 8.279239e+15
704 8.279239e+15
705 8.279239e+15
706 8.310189e+15
707 8.310189e+15
708 8.310189e+15
709 8.320505e+15
710 8.330822e+15
711 8.351455e+15
712 8.361771e+15
713 8.382404e+15
714 8.392720e+15
715 8.403037e+15
716 8.403037e+15
717 8.403037e+15
718 8.413353e+15
719 8.413353e+15
720 8.413353e+15
721 8.423670e+15
722 8.423670e+15
723 8.433986e+15
724 8.433986e+15
725 8.444303e+15
726 8.444303e+15
727 8.464935e+15
728 8.464935e+15
729 8.475252e+15
730 8.485568e+15
731 8.495885e+15
732 8.516518e+15
733 8.516518e+15
734 8.526834e+15
735 8.526834e+15
736 8.537151e+15
737 8.537151e+15
738 8.547467e+15
739 8.547467e+15
740 8.568100e+15
741 8.568100e+15
742 8.578416e+15
743 8.588733e+15
744 8.588733e+15
745 8.609366e+15
746 8.609366e+15
747 8.619682e+15
748 8.629999e+15
749 8.640315e+15
750 8.650632e+15
751 8.691897e+15
752 8.691897e+15
753 8.691897e+15
754 8.702214e+15
755 8.702214e+15
756 8.702214e+15
757 8.712530e+15
758 8.722847e+15
759 8.733163e+15
760 8.743480e+15
761 8.743480e+15
762 8.753796e+15
763 8.753796e+15
764 8.764112e+15
765 8.764112e+15
766 8.774429e+15
767 8.774429e+15
768 8.774429e+15
769 8.774429e+15
770 8.784745e+15
771 8.784745e+15
772 8.805378e+15
773 8.805378e+15
774 8.815695e+15
775 8.846644e+15
776 8.867277e+15
777 8.877593e+15
778 8.877593e+15
779 8.887910e+15
780 8.898226e+15
781 8.898226e+15
782 8.918859e+15
783 8.929176e+15
784 8.939492e+15
785 8.939492e+15
786 8.949808e+15
787 8.960125e+15
788 8.960125e+15
789 8.960125e+15
790 8.970441e+15
791 8.980758e+15
792 8.991074e+15
793 8.991074e+15
794 8.991074e+15
795 8.991074e+15
796 9.001391e+15
797 9.011707e+15
798 9.022024e+15
799 9.042656e+15
800 9.042656e+15
801 9.042656e+15
802 9.052973e+15
803 9.073606e+15
804 9.083922e+15
805 9.083922e+15
806 9.156137e+15
807 9.156137e+15
808 9.166454e+15
809 9.166454e+15
810 9.166454e+15
811 9.176770e+15
812 9.176770e+15
813 9.187087e+15
814 9.187087e+15
815 9.187087e+15
816 9.187087e+15
817 9.218036e+15
818 9.228353e+15
819 9.238669e+15
820 9.248985e+15
821 9.248985e+15
822 9.259302e+15
823 9.269618e+15
824 9.279935e+15
825 9.279935e+15
826 9.290251e+15
827 9.331517e+15
828 9.331517e+15
829 9.341833e+15
830 9.341833e+15
831 9.352150e+15
832 9.362466e+15
833 9.372783e+15
834 9.383099e+15
835 9.403732e+15
836 9.424365e+15
837 9.434681e+15
838 9.434681e+15
839 9.444998e+15
840 9.444998e+15
841 9.444998e+15
842 9.444998e+15
843 9.455314e+15
844 9.455314e+15
845 9.465631e+15
846 9.475947e+15
847 9.486264e+15
848 9.486264e+15
849 9.517213e+15
850 9.517213e+15
851 9.537846e+15
852 9.537846e+15
853 9.568795e+15
854 9.579112e+15
855 9.579112e+15
856 9.599745e+15
857 9.610061e+15
858 9.620378e+15
859 9.630694e+15
860 9.641010e+15
861 9.682276e+15
862 9.682276e+15
863 9.682276e+15
864 9.702909e+15
865 9.702909e+15
866 9.702909e+15
867 9.733858e+15
868 9.733858e+15
869 9.764808e+15
870 9.764808e+15
871 9.764808e+15
872 9.775124e+15
873 9.775124e+15
874 9.785441e+15
875 9.795757e+15
876 9.806074e+15
877 9.806074e+15
878 9.816390e+15
879 9.816390e+15
880 9.837023e+15
881 9.847339e+15
882 9.867972e+15
883 9.898922e+15
884 9.919554e+15
885 9.919554e+15
886 9.929871e+15
887 9.929871e+15
888 9.929871e+15
889 9.940187e+15
890 9.950504e+15
891 9.960820e+15
892 9.960820e+15
893 9.971137e+15
894 9.981453e+15
895 1.000209e+16
896 1.000209e+16
897 1.002272e+16
898 1.003304e+16
899 1.004335e+16
900 1.006398e+16
901 1.008462e+16
902 1.009493e+16
903 1.011557e+16
904 1.012588e+16
905 1.014652e+16
906 1.017747e+16
907 1.017747e+16
908 1.017747e+16
909 1.018778e+16
910 1.018778e+16
911 1.022905e+16
912 1.022905e+16
913 1.023936e+16
914 1.027031e+16
915 1.028063e+16
916 1.030126e+16
917 1.030126e+16
918 1.031158e+16
919 1.031158e+16
920 1.033221e+16
921 1.034253e+16
922 1.035285e+16
923 1.036316e+16
924 1.037348e+16
925 1.037348e+16
926 1.039411e+16
927 1.046633e+16
928 1.047664e+16
929 1.049728e+16
930 1.049728e+16
931 1.055917e+16
932 1.055917e+16
933 1.062107e+16
934 1.065202e+16
935 1.066234e+16
936 1.073455e+16
937 1.073455e+16
938 1.074487e+16
939 1.076550e+16
940 1.077582e+16
941 1.079645e+16
942 1.081709e+16
943 1.083772e+16
944 1.084803e+16
945 1.085835e+16
946 1.086867e+16
947 1.088930e+16
948 1.089962e+16
949 1.089962e+16
950 1.096152e+16
951 1.096152e+16
952 1.097183e+16
953 1.101310e+16
954 1.105436e+16
955 1.105436e+16
956 1.105436e+16
957 1.109563e+16
958 1.113690e+16
959 1.120911e+16
960 1.120911e+16
961 1.121943e+16
962 1.127101e+16
963 1.129164e+16
964 1.132259e+16
965 1.135354e+16
966 1.142576e+16
967 1.149797e+16
968 1.153924e+16
969 1.158050e+16
970 1.160114e+16
971 1.161145e+16
972 1.163208e+16
973 1.163208e+16
974 1.169398e+16
975 1.173525e+16
976 1.177651e+16
977 1.178683e+16
978 1.181778e+16
979 1.185905e+16
980 1.187968e+16
981 1.190031e+16
982 1.201379e+16
983 1.203443e+16
984 1.205506e+16
985 1.206538e+16
986 1.225107e+16
987 1.228202e+16
988 1.245740e+16
989 1.247803e+16
990 1.258120e+16
991 1.269468e+16
992 1.279784e+16
993 1.282879e+16
994 1.303512e+16
995 1.310734e+16
996 1.311765e+16
997 1.311765e+16
998 1.320018e+16
999 1.374696e+16
1000 1.436594e+16
