# Mean mass (g): 5.11e+14
1 3.783918e+14
2 3.810355e+14
3 3.843401e+14
4 3.850010e+14
5 3.869837e+14
6 3.889665e+14
7 3.889665e+14
8 3.922710e+14
9 3.968974e+14
10 4.008629e+14
11 4.021847e+14
12 4.021847e+14
13 4.035066e+14
14 4.048284e+14
15 4.061502e+14
16 4.081330e+14
17 4.101157e+14
18 4.101157e+14
19 4.107766e+14
20 4.114375e+14
21 4.114375e+14
22 4.120984e+14
23 4.127594e+14
24 4.127594e+14
25 4.134203e+14
26 4.134203e+14
27 4.154030e+14
28 4.154030e+14
29 4.154030e+14
30 4.160639e+14
31 4.167248e+14
32 4.173858e+14
33 4.173858e+14
34 4.173858e+14
35 4.173858e+14
36 4.193685e+14
37 4.193685e+14
38 4.200294e+14
39 4.200294e+14
40 4.200294e+14
41 4.206903e+14
42 4.206903e+14
43 4.213512e+14
44 4.220122e+14
45 4.220122e+14
46 4.226731e+14
47 4.239949e+14
48 4.253167e+14
49 4.259776e+14
50 4.259776e+14
51 4.266386e+14
52 4.272995e+14
53 4.272995e+14
54 4.272995e+14
55 4.279604e+14
56 4.292822e+14
57 4.292822e+14
58 4.292822e+14
59 4.292822e+14
60 4.299431e+14
61 4.299431e+14
62 4.299431e+14
63 4.299431e+14
64 4.299431e+14
65 4.306040e+14
66 4.306040e+14
67 4.319259e+14
68 4.325868e+14
69 4.332477e+14
70 4.332477e+14
71 4.339086e+14
72 4.339086e+14
73 4.339086e+14
74 4.352304e+14
75 4.352304e+14
76 4.358914e+14
77 4.358914e+14
78 4.365523e+14
79 4.365523e+14
80 4.365523e+14
81 4.372132e+14
82 4.372132e+14
83 4.372132e+14
84 4.378741e+14
85 4.385350e+14
86 4.385350e+14
87 4.391959e+14
88 4.391959e+14
89 4.405177e+14
90 4.405177e+14
91 4.411787e+14
92 4.418396e+14
93 4.425005e+14
94 4.425005e+14
95 4.431614e+14
96 4.431614e+14
97 4.431614e+14
98 4.438223e+14
99 4.438223e+14
100 4.444832e+14
101 4.444832e+14
102 4.444832e+14
103 4.451441e+14
104 4.451441e+14
105 4.464660e+14
106 4.464660e+14
107 4.464660e+14
108 4.471269e+14
109 4.471269e+14
110 4.471269e+14
111 4.471269e+14
112 4.477878e+14
113 4.477878e+14
114 4.477878e+14
115 4.477878e+14
116 4.484487e+14
117 4.484487e+14
118 4.497705e+14
119 4.497705e+14
120 4.504315e+14
121 4.504315e+14
122 4.504315e+14
123 4.504315e+14
124 4.510924e+14
125 4.510924e+14
126 4.517533e+14
127 4.517533e+14
128 4.524142e+14
129 4.524142e+14
130 4.524142e+14
131 4.530751e+14
132 4.530751e+14
133 4.530751e+14
134 4.537360e+14
135 4.537360e+14
136 4.543969e+14
137 4.543969e+14
138 4.543969e+14
139 4.550579e+14
140 4.550579e+14
141 4.557188e+14
142 4.557188e+14
143 4.557188e+14
144 4.563797e+14
145 4.563797e+14
146 4.563797e+14
147 4.563797e+14
148 4.570406e+14
149 4.570406e+14
150 4.570406e+14
151 4.570406e+14
152 4.570406e+14
153 4.577015e+14
154 4.577015e+14
155 4.577015e+14
156 4.583624e+14
157 4.583624e+14
158 4.590233e+14
159 4.590233e+14
160 4.596843e+14
161 4.603452e+14
162 4.603452e+14
163 4.603452e+14
164 4.603452e+14
165 4.603452e+14
166 4.603452e+14
167 4.610061e+14
168 4.610061e+14
169 4.610061e+14
170 4.610061e+14
171 4.610061e+14
172 4.610061e+14
173 4.616670e+14
174 4.616670e+14
175 4.616670e+14
176 4.616670e+14
177 4.616670e+14
178 4.616670e+14
179 4.623279e+14
180 4.623279e+14
181 4.629888e+14
182 4.629888e+14
183 4.629888e+14
184 4.629888e+14
185 4.629888e+14
186 4.636497e+14
187 4.636497e+14
188 4.636497e+14
189 4.643106e+14
190 4.643106e+14
191 4.643106e+14
192 4.649716e+14
193 4.649716e+14
194 4.656325e+14
195 4.656325e+14
196 4.656325e+14
197 4.656325e+14
198 4.656325e+14
199 4.656325e+14
200 4.662934e+14
201 4.662934e+14
202 4.662934e+14
203 4.669543e+14
204 4.676152e+14
205 4.676152e+14
206 4.682761e+14
207 4.682761e+14
208 4.682761e+14
209 4.682761e+14
210 4.682761e+14
211 4.682761e+14
212 4.682761e+14
213 4.682761e+14
214 4.689370e+14
215 4.689370e+14
216 4.695980e+14
217 4.695980e+14
218 4.695980e+14
219 4.695980e+14
220 4.702589e+14
221 4.709198e+14
222 4.709198e+14
223 4.709198e+14
224 4.715807e+14
225 4.715807e+14
226 4.715807e+14
227 4.715807e+14
228 4.715807e+14
229 4.722416e+14
230 4.729025e+14
231 4.729025e+14
232 4.729025e+14
233 4.735634e+14
234 4.735634e+14
235 4.735634e+14
236 4.742244e+14
237 4.742244e+14
238 4.742244e+14
239 4.742244e+14
240 4.748853e+14
241 4.748853e+14
242 4.748853e+14
243 4.748853e+14
244 4.748853e+14
245 4.755462e+14
246 4.755462e+14
247 4.755462e+14
248 4.755462e+14
249 4.755462e+14
250 4.755462e+14
251 4.755462e+14
252 4.762071e+14
253 4.762071e+14
254 4.762071e+14
255 4.762071e+14
256 4.768680e+14
257 4.768680e+14
258 4.768680e+14
259 4.768680e+14
260 4.768680e+14
261 4.768680e+14
262 4.768680e+14
263 4.775289e+14
264 4.775289e+14
265 4.775289e+14
266 4.775289e+14
267 4.775289e+14
268 4.775289e+14
269 4.788508e+14
270 4.788508e+14
271 4.788508e+14
272 4.788508e+14
273 4.795117e+14
274 4.795117e+14
275 4.795117e+14
276 4.795117e+14
277 4.795117e+14
278 4.801726e+14
279 4.801726e+14
280 4.801726e+14
281 4.808335e+14
282 4.808335e+14
283 4.808335e+14
284 4.808335e+14
285 4.814944e+14
286 4.814944e+14
287 4.814944e+14
288 4.814944e+14
289 4.821553e+14
290 4.821553e+14
291 4.821553e+14
292 4.821553e+14
293 4.821553e+14
294 4.821553e+14
295 4.821553e+14
296 4.821553e+14
297 4.828162e+14
298 4.828162e+14
299 4.828162e+14
300 4.828162e+14
301 4.828162e+14
302 4.828162e+14
303 4.834772e+14
304 4.834772e+14
305 4.841381e+14
306 4.841381e+14
307 4.841381e+14
308 4.841381e+14
309 4.841381e+14
310 4.847990e+14
311 4.847990e+14
312 4.847990e+14
313 4.847990e+14
314 4.847990e+14
315 4.854599e+14
316 4.854599e+14
317 4.854599e+14
318 4.854599e+14
319 4.854599e+14
320 4.861208e+14
321 4.861208e+14
322 4.861208e+14
323 4.867817e+14
324 4.867817e+14
325 4.867817e+14
326 4.867817e+14
327 4.867817e+14
328 4.867817e+14
329 4.874426e+14
330 4.874426e+14
331 4.874426e+14
332 4.874426e+14
333 4.874426e+14
334 4.874426e+14
335 4.874426e+14
336 4.874426e+14
337 4.881035e+14
338 4.881035e+14
339 4.881035e+14
340 4.881035e+14
341 4.887645e+14
342 4.887645e+14
343 4.887645e+14
344 4.887645e+14
345 4.887645e+14
346 4.887645e+14
347 4.887645e+14
348 4.887645e+14
349 4.894254e+14
350 4.894254e+14
351 4.894254e+14
352 4.894254e+14
353 4.894254e+14
354 4.894254e+14
355 4.894254e+14
356 4.894254e+14
357 4.894254e+14
358 4.894254e+14
359 4.900863e+14
360 4.900863e+14
361 4.900863e+14
362 4.900863e+14
363 4.907472e+14
364 4.907472e+14
365 4.914081e+14
366 4.914081e+14
367 4.914081e+14
368 4.914081e+14
369 4.914081e+14
370 4.920690e+14
371 4.920690e+14
372 4.920690e+14
373 4.920690e+14
374 4.920690e+14
375 4.920690e+14
376 4.920690e+14
377 4.920690e+14
378 4.927299e+14
379 4.927299e+14
380 4.927299e+14
381 4.927299e+14
382 4.927299e+14
383 4.933909e+14
384 4.933909e+14
385 4.933909e+14
386 4.940518e+14
387 4.940518e+14
388 4.940518e+14
389 4.940518e+14
390 4.940518e+14
391 4.940518e+14
392 4.940518e+14
393 4.940518e+14
394 4.940518e+14
395 4.947127e+14
396 4.947127e+14
397 4.947127e+14
398 4.947127e+14
399 4.947127e+14
400 4.953736e+14
401 4.953736e+14
402 4.953736e+14
403 4.960345e+14
404 4.960345e+14
405 4.960345e+14
406 4.960345e+14
407 4.960345e+14
408 4.960345e+14
409 4.966954e+14
410 4.966954e+14
411 4.966954e+14
412 4.966954e+14
413 4.966954e+14
414 4.973563e+14
415 4.973563e+14
416 4.980173e+14
417 4.980173e+14
418 4.980173e+14
419 4.980173e+14
420 4.986782e+14
421 4.986782e+14
422 4.986782e+14
423 4.986782e+14
424 4.993391e+14
425 4.993391e+14
426 4.993391e+14
427 4.993391e+14
428 4.993391e+14
429 5.000000e+14
430 5.000000e+14
431 5.000000e+14
432 5.000000e+14
433 5.000000e+14
434 5.006609e+14
435 5.006609e+14
436 5.006609e+14
437 5.006609e+14
438 5.013218e+14
439 5.013218e+14
440 5.013218e+14
441 5.019827e+14
442 5.019827e+14
443 5.019827e+14
444 5.026437e+14
445 5.026437e+14
446 5.026437e+14
447 5.026437e+14
448 5.026437e+14
449 5.026437e+14
450 5.026437e+14
451 5.033046e+14
452 5.033046e+14
453 5.033046e+14
454 5.033046e+14
455 5.039655e+14
456 5.039655e+14
457 5.039655e+14
458 5.039655e+14
459 5.046264e+14
460 5.046264e+14
461 5.046264e+14
462 5.046264e+14
463 5.052873e+14
464 5.052873e+14
465 5.052873e+14
466 5.052873e+14
467 5.052873e+14
468 5.052873e+14
469 5.059482e+14
470 5.059482e+14
471 5.059482e+14
472 5.066091e+14
473 5.066091e+14
474 5.072701e+14
475 5.072701e+14
476 5.072701e+14
477 5.072701e+14
478 5.072701e+14
479 5.072701e+14
480 5.079310e+14
481 5.079310e+14
482 5.079310e+14
483 5.079310e+14
484 5.079310e+14
485 5.079310e+14
486 5.079310e+14
487 5.079310e+14
488 5.085919e+14
489 5.085919e+14
490 5.085919e+14
491 5.085919e+14
492 5.085919e+14
493 5.085919e+14
494 5.092528e+14
495 5.092528e+14
496 5.092528e+14
497 5.092528e+14
498 5.092528e+14
499 5.092528e+14
500 5.099137e+14
501 5.099137e+14
502 5.099137e+14
503 5.099137e+14
504 5.099137e+14
505 5.099137e+14
506 5.099137e+14
507 5.105746e+14
508 5.105746e+14
509 5.105746e+14
510 5.105746e+14
511 5.105746e+14
512 5.105746e+14
513 5.105746e+14
514 5.112355e+14
515 5.112355e+14
516 5.112355e+14
517 5.112355e+14
518 5.112355e+14
519 5.112355e+14
520 5.112355e+14
521 5.112355e+14
522 5.112355e+14
523 5.118965e+14
524 5.125574e+14
525 5.125574e+14
526 5.125574e+14
527 5.125574e+14
528 5.125574e+14
529 5.125574e+14
530 5.132183e+14
531 5.132183e+14
532 5.132183e+14
533 5.132183e+14
534 5.132183e+14
535 5.138792e+14
536 5.138792e+14
537 5.138792e+14
538 5.138792e+14
539 5.138792e+14
540 5.145401e+14
541 5.145401e+14
542 5.145401e+14
543 5.145401e+14
544 5.145401e+14
545 5.152010e+14
546 5.152010e+14
547 5.152010e+14
548 5.152010e+14
549 5.152010e+14
550 5.158619e+14
551 5.158619e+14
552 5.158619e+14
553 5.158619e+14
554 5.158619e+14
555 5.165228e+14
556 5.165228e+14
557 5.165228e+14
558 5.165228e+14
559 5.165228e+14
560 5.165228e+14
561 5.165228e+14
562 5.171838e+14
563 5.171838e+14
564 5.171838e+14
565 5.171838e+14
566 5.171838e+14
567 5.171838e+14
568 5.171838e+14
569 5.171838e+14
570 5.185056e+14
571 5.185056e+14
572 5.185056e+14
573 5.185056e+14
574 5.185056e+14
575 5.185056e+14
576 5.191665e+14
577 5.191665e+14
578 5.191665e+14
579 5.191665e+14
580 5.198274e+14
581 5.198274e+14
582 5.198274e+14
583 5.198274e+14
584 5.198274e+14
585 5.198274e+14
586 5.198274e+14
587 5.204883e+14
588 5.204883e+14
589 5.204883e+14
590 5.211492e+14
591 5.211492e+14
592 5.211492e+14
593 5.211492e+14
594 5.211492e+14
595 5.211492e+14
596 5.211492e+14
597 5.211492e+14
598 5.218102e+14
599 5.218102e+14
600 5.218102e+14
601 5.218102e+14
602 5.224711e+14
603 5.224711e+14
604 5.224711e+14
605 5.224711e+14
606 5.224711e+14
607 5.231320e+14
608 5.231320e+14
609 5.231320e+14
610 5.231320e+14
611 5.231320e+14
612 5.231320e+14
613 5.231320e+14
614 5.237929e+14
615 5.237929e+14
616 5.237929e+14
617 5.237929e+14
618 5.237929e+14
619 5.244538e+14
620 5.244538e+14
621 5.244538e+14
622 5.244538e+14
623 5.251147e+14
624 5.251147e+14
625 5.251147e+14
626 5.251147e+14
627 5.251147e+14
628 5.257756e+14
629 5.257756e+14
630 5.257756e+14
631 5.257756e+14
632 5.257756e+14
633 5.257756e+14
634 5.257756e+14
635 5.257756e+14
636 5.257756e+14
637 5.264366e+14
638 5.264366e+14
639 5.264366e+14
640 5.264366e+14
641 5.270975e+14
642 5.270975e+14
643 5.270975e+14
644 5.270975e+14
645 5.270975e+14
646 5.270975e+14
647 5.270975e+14
648 5.277584e+14
649 5.277584e+14
650 5.277584e+14
651 5.277584e+14
652 5.277584e+14
653 5.284193e+14
654 5.284193e+14
655 5.284193e+14
656 5.284193e+14
657 5.290802e+14
658 5.290802e+14
659 5.290802e+14
660 5.290802e+14
661 5.297411e+14
662 5.297411e+14
663 5.304020e+14
664 5.304020e+14
665 5.304020e+14
666 5.304020e+14
667 5.304020e+14
668 5.304020e+14
669 5.310630e+14
670 5.310630e+14
671 5.310630e+14
672 5.317239e+14
673 5.317239e+14
674 5.317239e+14
675 5.323848e+14
676 5.323848e+14
677 5.330457e+14
678 5.330457e+14
679 5.330457e+14
680 5.330457e+14
681 5.330457e+14
682 5.337066e+14
683 5.337066e+14
684 5.337066e+14
685 5.343675e+14
686 5.343675e+14
687 5.343675e+14
688 5.343675e+14
689 5.356894e+14
690 5.356894e+14
691 5.356894e+14
692 5.356894e+14
693 5.356894e+14
694 5.363503e+14
695 5.363503e+14
696 5.363503e+14
697 5.363503e+14
698 5.370112e+14
699 5.370112e+14
700 5.370112e+14
701 5.370112e+14
702 5.376721e+14
703 5.376721e+14
704 5.376721e+14
705 5.383330e+14
706 5.383330e+14
707 5.383330e+14
708 5.383330e+14
709 5.389939e+14
710 5.389939e+14
711 5.396548e+14
712 5.396548e+14
713 5.396548e+14
714 5.396548e+14
715 5.396548e+14
716 5.403157e+14
717 5.403157e+14
718 5.409767e+14
719 5.409767e+14
720 5.409767e+14
721 5.416376e+14
722 5.416376e+14
723 5.416376e+14
724 5.416376e+14
725 5.416376e+14
726 5.422985e+14
727 5.422985e+14
728 5.422985e+14
729 5.422985e+14
730 5.429594e+14
731 5.429594e+14
732 5.429594e+14
733 5.429594e+14
734 5.429594e+14
735 5.436203e+14
736 5.436203e+14
737 5.442812e+14
738 5.442812e+14
739 5.442812e+14
740 5.442812e+14
741 5.442812e+14
742 5.442812e+14
743 5.449421e+14
744 5.449421e+14
745 5.449421e+14
746 5.456031e+14
747 5.456031e+14
748 5.456031e+14
749 5.462640e+14
750 5.462640e+14
751 5.462640e+14
752 5.462640e+14
753 5.469249e+14
754 5.469249e+14
755 5.469249e+14
756 5.475858e+14
757 5.475858e+14
758 5.475858e+14
759 5.482467e+14
760 5.482467e+14
761 5.489076e+14
762 5.489076e+14
763 5.495685e+14
764 5.495685e+14
765 5.502295e+14
766 5.502295e+14
767 5.502295e+14
768 5.502295e+14
769 5.502295e+14
770 5.502295e+14
771 5.515513e+14
772 5.515513e+14
773 5.515513e+14
774 5.522122e+14
775 5.522122e+14
776 5.528731e+14
777 5.528731e+14
778 5.528731e+14
779 5.528731e+14
780 5.528731e+14
781 5.535340e+14
782 5.535340e+14
783 5.535340e+14
784 5.535340e+14
785 5.535340e+14
786 5.541949e+14
787 5.541949e+14
788 5.541949e+14
789 5.541949e+14
790 5.541949e+14
791 5.548559e+14
792 5.548559e+14
793 5.548559e+14
794 5.555168e+14
795 5.555168e+14
796 5.555168e+14
797 5.568386e+14
798 5.568386e+14
799 5.568386e+14
800 5.568386e+14
801 5.568386e+14
802 5.568386e+14
803 5.568386e+14
804 5.574995e+14
805 5.574995e+14
806 5.574995e+14
807 5.574995e+14
808 5.574995e+14
809 5.574995e+14
810 5.574995e+14
811 5.574995e+14
812 5.581604e+14
813 5.588213e+14
814 5.588213e+14
815 5.588213e+14
816 5.588213e+14
817 5.594823e+14
818 5.594823e+14
819 5.594823e+14
820 5.601432e+14
821 5.608041e+14
822 5.614650e+14
823 5.614650e+14
824 5.614650e+14
825 5.614650e+14
826 5.621259e+14
827 5.621259e+14
828 5.621259e+14
829 5.627868e+14
830 5.627868e+14
831 5.627868e+14
832 5.634477e+14
833 5.634477e+14
834 5.634477e+14
835 5.641086e+14
836 5.641086e+14
837 5.641086e+14
838 5.647696e+14
839 5.647696e+14
840 5.647696e+14
841 5.647696e+14
842 5.647696e+14
843 5.654305e+14
844 5.660914e+14
845 5.660914e+14
846 5.660914e+14
847 5.660914e+14
848 5.667523e+14
849 5.667523e+14
850 5.667523e+14
851 5.674132e+14
852 5.674132e+14
853 5.674132e+14
854 5.680741e+14
855 5.680741e+14
856 5.680741e+14
857 5.687350e+14
858 5.693960e+14
859 5.693960e+14
860 5.693960e+14
861 5.693960e+14
862 5.693960e+14
863 5.700569e+14
864 5.700569e+14
865 5.700569e+14
866 5.700569e+14
867 5.700569e+14
868 5.700569e+14
869 5.700569e+14
870 5.707178e+14
871 5.707178e+14
872 5.707178e+14
873 5.720396e+14
874 5.720396e+14
875 5.720396e+14
876 5.727005e+14
877 5.733614e+14
878 5.733614e+14
879 5.733614e+14
880 5.733614e+14
881 5.740224e+14
882 5.740224e+14
883 5.740224e+14
884 5.740224e+14
885 5.746833e+14
886 5.746833e+14
887 5.746833e+14
888 5.746833e+14
889 5.753442e+14
890 5.760051e+14
891 5.760051e+14
892 5.766660e+14
893 5.766660e+14
894 5.766660e+14
895 5.773269e+14
896 5.779878e+14
897 5.786488e+14
898 5.786488e+14
899 5.793097e+14
900 5.806315e+14
901 5.806315e+14
902 5.806315e+14
903 5.806315e+14
904 5.812924e+14
905 5.812924e+14
906 5.812924e+14
907 5.819533e+14
908 5.819533e+14
909 5.832752e+14
910 5.839361e+14
911 5.839361e+14
912 5.839361e+14
913 5.839361e+14
914 5.845970e+14
915 5.859188e+14
916 5.865797e+14
917 5.865797e+14
918 5.872406e+14
919 5.872406e+14
920 5.879016e+14
921 5.879016e+14
922 5.885625e+14
923 5.885625e+14
924 5.892234e+14
925 5.892234e+14
926 5.892234e+14
927 5.898843e+14
928 5.905452e+14
929 5.905452e+14
930 5.912061e+14
931 5.912061e+14
932 5.912061e+14
933 5.912061e+14
934 5.912061e+14
935 5.912061e+14
936 5.925279e+14
937 5.925279e+14
938 5.931889e+14
939 5.931889e+14
940 5.938498e+14
941 5.938498e+14
942 5.951716e+14
943 5.951716e+14
944 5.951716e+14
945 5.951716e+14
946 5.958325e+14
947 5.958325e+14
948 5.964934e+14
949 5.964934e+14
950 5.964934e+14
951 5.978153e+14
952 5.978153e+14
953 5.984762e+14
954 5.991371e+14
955 5.997980e+14
956 6.004589e+14
957 6.004589e+14
958 6.004589e+14
959 6.004589e+14
960 6.017807e+14
961 6.031026e+14
962 6.044244e+14
963 6.070681e+14
964 6.077290e+14
965 6.097117e+14
966 6.103726e+14
967 6.110335e+14
968 6.110335e+14
969 6.123554e+14
970 6.123554e+14
971 6.123554e+14
972 6.156599e+14
973 6.196254e+14
974 6.216082e+14
975 6.222691e+14
976 6.222691e+14
977 6.222691e+14
978 6.222691e+14
979 6.229300e+14
980 6.249127e+14
981 6.275564e+14
982 6.275564e+14
983 6.295391e+14
984 6.302000e+14
985 6.302000e+14
986 6.341655e+14
987 6.361483e+14
988 6.368092e+14
989 6.374701e+14
990 6.394528e+14
991 6.394528e+14
992 6.420965e+14
993 6.420965e+14
994 6.440792e+14
995 6.447401e+14
996 6.467229e+14
997 6.566366e+14
998 6.639067e+14
999 6.744813e+14
1000 6.850559e+14
