# E_gamma(MeV)   Spectrum
5.145440e-01 1.632265e+21
5.413360e-01 2.064795e+21
5.695230e-01 2.500982e+21
5.991770e-01 2.548907e+21
6.303750e-01 2.556932e+21
6.631980e-01 2.534124e+21
6.977300e-01 2.489050e+21
7.340600e-01 2.428169e+21
7.722810e-01 2.356228e+21
8.124930e-01 2.277243e+21
8.547980e-01 2.193742e+21
8.993070e-01 2.107813e+21
9.461320e-01 2.020940e+21
9.953960e-01 1.934455e+21
1.047230e+00 1.849204e+21
1.101750e+00 1.765531e+21
1.159120e+00 1.684130e+21
1.219470e+00 1.605390e+21
1.282970e+00 1.529380e+21
1.349770e+00 1.455971e+21
1.420050e+00 1.385804e+21
1.493990e+00 1.318478e+21
1.571780e+00 1.254157e+21
1.653620e+00 1.192742e+21
1.739730e+00 1.134158e+21
1.830310e+00 1.078442e+21
1.925610e+00 1.025298e+21
2.025880e+00 9.749446e+20
2.131360e+00 9.269067e+20
2.242340e+00 8.814233e+20
2.359100e+00 8.382942e+20
2.481930e+00 7.973254e+20
2.611160e+00 7.583885e+20
2.747120e+00 7.215418e+20
2.890160e+00 6.867208e+20
3.040650e+00 6.535929e+20
3.198970e+00 6.223658e+20
3.365530e+00 5.927361e+20
3.540770e+00 5.646239e+20
3.725140e+00 5.379864e+20
3.919100e+00 5.128274e+20
4.123160e+00 4.891276e+20
4.337850e+00 4.665471e+20
4.563720e+00 4.451279e+20
4.801340e+00 4.250099e+20
5.051340e+00 4.058903e+20
5.314360e+00 3.877770e+20
5.591070e+00 3.707022e+20
5.882190e+00 3.545207e+20
6.188470e+00 3.392167e+20
6.510690e+00 3.246960e+20
6.849700e+00 3.109919e+20
7.206350e+00 2.979494e+20
7.581580e+00 2.856918e+20
7.976340e+00 2.739549e+20
8.391660e+00 2.629241e+20
8.828600e+00 2.524025e+20
9.288290e+00 2.425321e+20
9.771920e+00 2.331124e+20
1.028070e+01 2.240665e+20
1.081600e+01 2.156143e+20
1.137920e+01 2.075353e+20
1.197170e+01 1.998329e+20
1.259510e+01 1.924755e+20
1.325090e+01 1.856080e+20
1.394080e+01 1.788415e+20
1.466670e+01 1.724059e+20
1.543040e+01 1.663311e+20
1.623380e+01 1.606998e+20
1.707910e+01 1.550518e+20
1.796840e+01 1.495987e+20
1.890400e+01 1.446555e+20
1.988830e+01 1.396280e+20
2.092380e+01 1.349450e+20
2.201330e+01 1.303570e+20
2.315950e+01 1.260920e+20
2.436540e+01 1.217873e+20
2.563410e+01 1.176814e+20
2.696880e+01 1.138527e+20
2.837300e+01 1.099617e+20
2.985040e+01 1.062876e+20
3.140470e+01 1.027398e+20
3.303990e+01 9.932130e+19
3.476020e+01 9.581055e+19
3.657010e+01 9.260605e+19
3.847430e+01 8.951350e+19
4.047760e+01 8.634271e+19
4.258520e+01 8.321077e+19
4.480250e+01 8.018940e+19
4.713530e+01 7.726249e+19
4.958960e+01 7.432586e+19
5.217170e+01 7.145504e+19
5.488820e+01 6.852383e+19
5.774620e+01 6.576489e+19
6.075290e+01 6.305542e+19
6.391620e+01 6.042910e+19
6.724430e+01 5.785108e+19
7.074560e+01 5.526292e+19
7.442920e+01 5.284758e+19
7.830470e+01 5.038689e+19
8.238190e+01 4.807327e+19
8.667140e+01 4.579984e+19
9.118430e+01 4.354963e+19
9.593210e+01 4.137784e+19
1.009270e+02 3.928089e+19
1.061820e+02 3.726391e+19
1.117110e+02 3.528985e+19
1.175280e+02 3.336789e+19
1.236470e+02 3.154940e+19
1.300850e+02 2.975297e+19
1.368590e+02 2.804476e+19
1.439850e+02 2.638801e+19
1.514820e+02 2.479741e+19
1.593690e+02 2.328443e+19
1.676680e+02 2.180281e+19
1.763980e+02 2.041385e+19
1.855830e+02 1.907872e+19
1.952460e+02 1.780529e+19
2.054120e+02 1.659345e+19
2.161070e+02 1.544733e+19
2.273600e+02 1.435490e+19
2.391980e+02 1.331927e+19
2.516530e+02 1.234174e+19
2.647560e+02 1.141110e+19
2.785410e+02 1.054546e+19
2.930450e+02 9.728392e+18
3.083030e+02 8.954541e+18
3.243560e+02 8.234068e+18
3.412450e+02 7.568912e+18
3.590130e+02 6.429892e+18
3.777060e+02 5.867232e+18
3.973730e+02 5.346141e+18
4.180640e+02 4.862955e+18
4.398320e+02 4.409244e+18
4.627330e+02 3.990475e+18
4.868270e+02 3.614449e+18
5.121760e+02 3.258291e+18
5.388440e+02 2.935194e+18
5.669010e+02 2.640738e+18
5.964180e+02 2.372956e+18
6.274730e+02 2.128233e+18
6.601450e+02 1.637577e+18
6.945180e+02 1.449641e+18
7.306800e+02 1.279147e+18
7.687260e+02 1.126994e+18
8.087520e+02 9.895956e+17
8.508630e+02 8.677402e+17
8.951660e+02 7.582948e+17
9.417770e+02 6.608086e+17
9.908140e+02 5.753715e+17
1.042400e+03 5.003742e+17
1.096680e+03 4.343544e+17
1.153780e+03 3.762000e+17
1.213860e+03 3.248905e+17
1.277060e+03 2.809778e+17
1.343560e+03 2.420637e+17
1.413520e+03 2.089664e+17
1.487120e+03 1.796506e+17
1.564550e+03 1.543676e+17
1.646010e+03 1.323412e+17
1.731720e+03 1.136464e+17
1.821890e+03 9.758512e+16
1.916750e+03 8.392553e+16
2.016550e+03 7.262113e+16
2.121550e+03 6.300469e+16
2.232020e+03 5.562086e+16
2.348230e+03 4.979512e+16
2.470500e+03 4.686233e+16
2.599140e+03 2.588688e+16
2.734470e+03 2.324728e+16
2.876850e+03 2.120278e+16
3.026650e+03 1.787564e+16
3.184240e+03 1.633405e+16
3.350040e+03 1.488135e+16
3.524470e+03 1.361092e+16
3.707990e+03 1.232693e+16
3.901060e+03 1.110644e+16
4.104180e+03 9.852529e+15
4.317880e+03 8.604872e+15
4.542710e+03 7.358633e+15
4.779240e+03 6.133389e+15
5.028090e+03 5.005580e+15
5.289890e+03 3.990259e+15
5.565330e+03 3.132769e+15
5.855110e+03 2.417738e+15
6.159980e+03 1.835112e+15
6.480720e+03 1.372652e+15
6.818160e+03 1.004924e+15
7.173170e+03 7.305818e+14
7.546670e+03 5.255147e+14
7.939620e+03 3.707643e+14
8.353020e+03 2.552589e+14
8.787950e+03 1.664058e+14
9.245530e+03 1.028570e+14
9.726930e+03 6.154722e+13
1.023340e+04 3.550815e+13
1.076620e+04 2.093415e+13
1.132680e+04 1.248972e+13
1.191660e+04 7.371759e+12
1.253710e+04 4.239975e+12
1.318990e+04 2.234790e+12
1.387660e+04 1.109571e+12
1.459920e+04 5.371087e+11
1.535930e+04 2.461131e+11
1.615910e+04 1.121930e+11
1.700050e+04 4.901541e+10
1.788570e+04 2.015932e+10
1.881690e+04 8.538213e+09
1.979670e+04 3.095444e+09
2.082750e+04 1.056774e+09
2.191200e+04 3.502741e+08
2.305290e+04 1.133991e+08
2.425320e+04 3.487184e+07
2.551610e+04 1.011688e+07
2.684460e+04 2.549183e+06
2.824240e+04 5.265771e+05
2.971300e+04 1.120436e+05
3.126010e+04 2.176923e+04
3.288770e+04 4.229966e+03
3.460020e+04 6.461318e+02
3.640170e+04 1.074472e+02
3.829710e+04 1.439217e+01
4.029120e+04 1.558652e+00
4.238910e+04 2.035933e-01
4.459630e+04 1.853055e-02
4.691830e+04 1.661723e-03
4.936130e+04 1.353279e-04
5.193150e+04 7.760436e-06
5.463550e+04 5.137480e-07
5.748030e+04 2.584396e-08
6.047320e+04 9.359300e-10
6.362200e+04 4.041921e-11
6.693470e+04 1.181786e-12
7.041990e+04 3.304761e-14
7.408660e+04 6.890332e-16
7.794420e+04 1.200349e-17
8.200260e+04 1.691204e-19
8.627240e+04 2.134575e-21
9.076450e+04 1.926012e-23
9.549040e+04 1.266283e-25
1.004630e+05 7.941612e-28
1.056930e+05 3.281563e-30
1.111970e+05 9.926373e-33
1.169870e+05 2.545239e-35
1.230780e+05 4.083163e-38
1.294860e+05 5.690165e-41
1.362290e+05 4.624031e-44
1.433220e+05 2.698404e-47
1.507850e+05 1.240883e-50
1.586360e+05 3.135045e-54
1.668960e+05 5.802656e-58
1.755860e+05 6.464633e-62
1.847280e+05 5.606863e-66
1.943470e+05 2.177072e-70
2.044660e+05 6.615107e-75
2.151120e+05 2.449291e-79
2.263130e+05 6.929148e-85
2.380970e+05 3.035733e-90
2.504940e+05 4.484319e-95
2.635370e+05 3.697449e-101
2.772590e+05 5.381790e-107
2.916960e+05 1.532926e-114
3.068840e+05 1.991556e-121
3.228630e+05 1.138134e-128
3.396740e+05 2.564779e-136
3.573600e+05 3.259007e-141
3.759670e+05 6.797573e-149
3.955440e+05 1.396710e-161
4.161390e+05 3.746690e-167
4.378070e+05 9.390574e-181
4.606030e+05 4.128832e-191
4.845860e+05 5.637477e-202
5.098180e+05 1.994484e-213
5.363630e+05 9.886215e-219
5.642910e+05 3.639737e-236
5.936730e+05 1.406125e-243
6.245840e+05 1.003580e-246
6.571060e+05 1.435559e-259
6.913200e+05 8.277244e-263
7.273170e+05 2.628584e-277
7.651870e+05 8.063699e-287
8.050290e+05 2.602720e-290
8.469460e+05 0.000000e+00
8.910450e+05 0.000000e+00
9.374410e+05 0.000000e+00
9.862520e+05 0.000000e+00
1.037610e+06 0.000000e+00
1.091630e+06 0.000000e+00
1.148470e+06 0.000000e+00
1.208270e+06 0.000000e+00
1.271180e+06 0.000000e+00
1.337370e+06 0.000000e+00
1.407010e+06 0.000000e+00
1.480270e+06 0.000000e+00
1.557340e+06 0.000000e+00
1.638430e+06 0.000000e+00
1.723740e+06 0.000000e+00
1.813500e+06 0.000000e+00
1.907920e+06 0.000000e+00
2.007270e+06 0.000000e+00
2.111780e+06 0.000000e+00
2.221740e+06 0.000000e+00
2.337420e+06 0.000000e+00
2.459130e+06 0.000000e+00
2.587170e+06 0.000000e+00
2.721880e+06 0.000000e+00
2.863610e+06 0.000000e+00
3.012710e+06 0.000000e+00
3.169580e+06 0.000000e+00
3.334620e+06 0.000000e+00
3.508250e+06 0.000000e+00
3.690920e+06 0.000000e+00
3.883100e+06 0.000000e+00
4.085290e+06 0.000000e+00
4.298000e+06 0.000000e+00
4.521790e+06 0.000000e+00
4.757240e+06 0.000000e+00
5.004940e+06 0.000000e+00
5.265540e+06 0.000000e+00
5.539710e+06 0.000000e+00
5.828150e+06 0.000000e+00
6.131620e+06 0.000000e+00
6.450880e+06 0.000000e+00
6.786770e+06 0.000000e+00
7.140150e+06 0.000000e+00
7.511930e+06 0.000000e+00
7.903070e+06 0.000000e+00
8.314570e+06 0.000000e+00
8.747500e+06 0.000000e+00
9.202970e+06 0.000000e+00
9.682150e+06 0.000000e+00
1.018630e+07 0.000000e+00
1.071670e+07 0.000000e+00
1.127470e+07 0.000000e+00
1.186170e+07 0.000000e+00
1.247940e+07 0.000000e+00
1.312910e+07 0.000000e+00
1.381280e+07 0.000000e+00
1.453200e+07 0.000000e+00
1.528860e+07 0.000000e+00
1.608470e+07 0.000000e+00
1.692220e+07 0.000000e+00
1.780330e+07 0.000000e+00
1.873030e+07 0.000000e+00
1.970560e+07 0.000000e+00
2.073160e+07 0.000000e+00
2.181110e+07 0.000000e+00
2.294680e+07 0.000000e+00
2.414160e+07 0.000000e+00
2.539860e+07 0.000000e+00
2.672110e+07 0.000000e+00
2.811240e+07 0.000000e+00
2.957620e+07 0.000000e+00
3.111620e+07 0.000000e+00
3.273630e+07 0.000000e+00
3.444090e+07 0.000000e+00
3.623420e+07 0.000000e+00
3.812080e+07 0.000000e+00
4.010570e+07 0.000000e+00
4.219400e+07 0.000000e+00
4.439100e+07 0.000000e+00
4.670230e+07 0.000000e+00
4.913410e+07 0.000000e+00
5.169240e+07 0.000000e+00
5.438400e+07 0.000000e+00
5.721570e+07 0.000000e+00
6.019480e+07 0.000000e+00
6.332910e+07 0.000000e+00
6.662650e+07 0.000000e+00
7.009570e+07 0.000000e+00
7.374550e+07 0.000000e+00
7.758530e+07 0.000000e+00
8.162510e+07 0.000000e+00
8.587520e+07 0.000000e+00
9.034660e+07 0.000000e+00
9.505080e+07 0.000000e+00
1.000000e+08 0.000000e+00
