# Mean mass (g): 6.90e+16
1 6.858104e+11
2 2.763610e+12
3 3.137086e+12
4 3.398213e+12
5 4.610299e+12
6 7.006402e+12
7 1.151203e+13
8 1.370791e+13
9 1.522824e+13
10 1.524321e+13
11 1.712857e+13
12 1.772533e+13
13 1.830224e+13
14 2.025384e+13
15 2.205324e+13
16 2.286264e+13
17 2.635499e+13
18 2.640527e+13
19 2.788781e+13
20 2.828831e+13
21 2.978771e+13
22 3.549708e+13
23 3.599482e+13
24 3.785259e+13
25 3.820227e+13
26 3.919023e+13
27 4.079729e+13
28 4.243797e+13
29 4.342178e+13
30 4.524573e+13
31 4.724685e+13
32 4.803423e+13
33 4.922771e+13
34 5.265198e+13
35 5.522981e+13
36 5.565754e+13
37 5.813452e+13
38 5.966270e+13
39 6.550361e+13
40 6.640475e+13
41 7.234998e+13
42 7.793635e+13
43 7.879227e+13
44 7.927650e+13
45 8.018199e+13
46 8.271405e+13
47 8.527471e+13
48 8.710308e+13
49 8.978692e+13
50 9.200685e+13
51 9.364220e+13
52 9.732322e+13
53 1.038464e+14
54 1.046662e+14
55 1.083586e+14
56 1.085659e+14
57 1.111151e+14
58 1.146678e+14
59 1.147695e+14
60 1.157811e+14
61 1.164400e+14
62 1.197759e+14
63 1.223359e+14
64 1.271647e+14
65 1.273234e+14
66 1.280550e+14
67 1.281935e+14
68 1.296470e+14
69 1.305756e+14
70 1.360329e+14
71 1.389994e+14
72 1.394019e+14
73 1.423095e+14
74 1.433006e+14
75 1.444917e+14
76 1.463583e+14
77 1.518588e+14
78 1.549687e+14
79 1.577224e+14
80 1.598144e+14
81 1.683288e+14
82 1.710372e+14
83 1.737929e+14
84 1.782243e+14
85 1.787111e+14
86 1.805982e+14
87 1.883505e+14
88 1.890238e+14
89 1.905362e+14
90 1.908689e+14
91 1.920299e+14
92 1.983835e+14
93 1.992126e+14
94 2.022735e+14
95 2.113157e+14
96 2.113598e+14
97 2.120456e+14
98 2.158020e+14
99 2.186923e+14
100 2.246369e+14
101 2.248939e+14
102 2.273370e+14
103 2.319866e+14
104 2.418040e+14
105 2.467961e+14
106 2.513740e+14
107 2.546013e+14
108 2.550662e+14
109 2.568588e+14
110 2.569435e+14
111 2.611011e+14
112 2.714300e+14
113 2.715811e+14
114 2.756337e+14
115 2.886575e+14
116 2.912439e+14
117 2.932679e+14
118 3.001673e+14
119 3.063928e+14
120 3.121208e+14
121 3.157313e+14
122 3.235366e+14
123 3.252893e+14
124 3.306871e+14
125 3.313661e+14
126 3.334824e+14
127 3.360605e+14
128 3.415388e+14
129 3.499343e+14
130 3.502478e+14
131 3.510679e+14
132 3.566351e+14
133 3.569374e+14
134 3.729245e+14
135 3.757808e+14
136 3.781047e+14
137 3.844032e+14
138 3.888848e+14
139 4.030022e+14
140 4.032294e+14
141 4.054238e+14
142 4.070546e+14
143 4.084356e+14
144 4.089391e+14
145 4.133176e+14
146 4.198789e+14
147 4.220287e+14
148 4.248986e+14
149 4.298689e+14
150 4.331820e+14
151 4.397428e+14
152 4.463981e+14
153 4.510405e+14
154 4.641820e+14
155 4.693300e+14
156 4.730931e+14
157 4.764897e+14
158 4.878577e+14
159 4.925791e+14
160 4.948171e+14
161 4.955375e+14
162 4.989718e+14
163 5.063477e+14
164 5.109832e+14
165 5.131644e+14
166 5.184924e+14
167 5.271974e+14
168 5.348379e+14
169 5.353183e+14
170 5.375524e+14
171 5.379098e+14
172 5.533902e+14
173 5.551871e+14
174 5.613975e+14
175 5.615025e+14
176 5.703251e+14
177 5.747266e+14
178 5.772720e+14
179 5.791393e+14
180 5.826282e+14
181 5.930254e+14
182 6.053504e+14
183 6.075129e+14
184 6.092317e+14
185 6.097905e+14
186 6.098160e+14
187 6.115129e+14
188 6.167725e+14
189 6.212828e+14
190 6.277729e+14
191 6.316766e+14
192 6.401333e+14
193 6.428251e+14
194 6.506334e+14
195 6.615783e+14
196 6.669788e+14
197 6.692808e+14
198 6.734089e+14
199 6.807319e+14
200 6.846671e+14
201 6.939079e+14
202 7.183037e+14
203 7.188994e+14
204 7.250204e+14
205 7.325870e+14
206 7.406737e+14
207 7.427254e+14
208 7.491041e+14
209 7.494533e+14
210 7.556285e+14
211 7.586298e+14
212 7.707623e+14
213 7.812122e+14
214 8.018334e+14
215 8.096179e+14
216 8.162106e+14
217 8.221602e+14
218 8.235843e+14
219 8.251854e+14
220 8.304842e+14
221 8.375463e+14
222 8.391271e+14
223 8.412938e+14
224 8.461307e+14
225 8.481985e+14
226 8.675450e+14
227 8.812859e+14
228 8.976059e+14
229 8.995978e+14
230 9.203573e+14
231 9.222314e+14
232 9.223226e+14
233 9.230852e+14
234 9.343208e+14
235 9.419111e+14
236 9.488133e+14
237 9.516135e+14
238 9.523742e+14
239 9.668461e+14
240 9.782493e+14
241 1.007976e+15
242 1.011575e+15
243 1.014474e+15
244 1.014586e+15
245 1.019979e+15
246 1.027275e+15
247 1.038587e+15
248 1.042834e+15
249 1.059754e+15
250 1.076716e+15
251 1.082527e+15
252 1.093822e+15
253 1.095537e+15
254 1.099962e+15
255 1.107170e+15
256 1.138969e+15
257 1.143709e+15
258 1.150337e+15
259 1.170181e+15
260 1.174557e+15
261 1.176865e+15
262 1.178346e+15
263 1.187508e+15
264 1.202368e+15
265 1.211243e+15
266 1.218840e+15
267 1.220469e+15
268 1.242345e+15
269 1.244941e+15
270 1.246926e+15
271 1.252671e+15
272 1.268719e+15
273 1.278949e+15
274 1.280137e+15
275 1.292046e+15
276 1.303612e+15
277 1.307957e+15
278 1.315422e+15
279 1.325071e+15
280 1.328107e+15
281 1.339789e+15
282 1.359775e+15
283 1.360230e+15
284 1.365367e+15
285 1.367247e+15
286 1.379295e+15
287 1.379908e+15
288 1.384040e+15
289 1.384998e+15
290 1.413299e+15
291 1.426920e+15
292 1.427375e+15
293 1.436386e+15
294 1.440637e+15
295 1.446561e+15
296 1.471620e+15
297 1.473100e+15
298 1.485830e+15
299 1.495204e+15
300 1.503403e+15
301 1.516156e+15
302 1.521965e+15
303 1.522136e+15
304 1.524150e+15
305 1.533188e+15
306 1.533672e+15
307 1.542089e+15
308 1.552906e+15
309 1.564802e+15
310 1.567587e+15
311 1.569555e+15
312 1.574828e+15
313 1.577415e+15
314 1.583745e+15
315 1.601234e+15
316 1.619155e+15
317 1.640722e+15
318 1.646466e+15
319 1.652966e+15
320 1.665431e+15
321 1.696121e+15
322 1.704419e+15
323 1.706874e+15
324 1.755529e+15
325 1.763716e+15
326 1.770094e+15
327 1.773417e+15
328 1.820516e+15
329 1.825540e+15
330 1.830043e+15
331 1.846623e+15
332 1.868542e+15
333 1.901673e+15
334 1.904226e+15
335 1.950148e+15
336 1.954481e+15
337 1.956576e+15
338 1.959593e+15
339 1.981078e+15
340 1.986704e+15
341 2.008202e+15
342 2.012549e+15
343 2.012692e+15
344 2.019059e+15
345 2.037938e+15
346 2.046065e+15
347 2.057610e+15
348 2.058033e+15
349 2.058377e+15
350 2.069178e+15
351 2.100308e+15
352 2.110695e+15
353 2.120379e+15
354 2.125720e+15
355 2.128270e+15
356 2.138746e+15
357 2.143251e+15
358 2.144614e+15
359 2.154058e+15
360 2.161974e+15
361 2.175065e+15
362 2.178886e+15
363 2.185923e+15
364 2.191027e+15
365 2.203691e+15
366 2.206271e+15
367 2.210369e+15
368 2.288181e+15
369 2.303239e+15
370 2.312736e+15
371 2.338630e+15
372 2.365890e+15
373 2.371042e+15
374 2.379957e+15
375 2.390665e+15
376 2.425583e+15
377 2.451728e+15
378 2.458424e+15
379 2.507457e+15
380 2.564034e+15
381 2.566709e+15
382 2.577171e+15
383 2.587455e+15
384 2.588385e+15
385 2.602511e+15
386 2.616066e+15
387 2.627942e+15
388 2.638749e+15
389 2.652802e+15
390 2.683330e+15
391 2.692534e+15
392 2.716985e+15
393 2.736921e+15
394 2.741071e+15
395 2.777199e+15
396 2.781006e+15
397 2.793063e+15
398 2.835576e+15
399 2.844876e+15
400 2.868454e+15
401 2.878999e+15
402 2.897573e+15
403 2.912650e+15
404 2.920203e+15
405 2.931404e+15
406 2.957217e+15
407 2.982447e+15
408 2.993484e+15
409 2.998441e+15
410 3.000264e+15
411 3.000792e+15
412 3.060789e+15
413 3.092483e+15
414 3.136923e+15
415 3.145561e+15
416 3.162257e+15
417 3.166191e+15
418 3.176861e+15
419 3.185138e+15
420 3.188330e+15
421 3.230036e+15
422 3.231649e+15
423 3.234474e+15
424 3.262634e+15
425 3.267217e+15
426 3.271942e+15
427 3.316579e+15
428 3.323983e+15
429 3.349079e+15
430 3.376071e+15
431 3.402224e+15
432 3.402240e+15
433 3.459935e+15
434 3.522557e+15
435 3.525630e+15
436 3.526096e+15
437 3.527068e+15
438 3.529067e+15
439 3.575306e+15
440 3.597713e+15
441 3.655566e+15
442 3.660173e+15
443 3.669069e+15
444 3.669608e+15
445 3.685045e+15
446 3.755568e+15
447 3.769474e+15
448 3.798193e+15
449 3.815489e+15
450 3.828507e+15
451 3.841704e+15
452 3.860755e+15
453 3.927373e+15
454 3.935902e+15
455 3.946917e+15
456 3.951936e+15
457 3.954010e+15
458 3.991682e+15
459 4.019089e+15
460 4.048936e+15
461 4.069835e+15
462 4.080509e+15
463 4.096527e+15
464 4.102262e+15
465 4.102352e+15
466 4.103002e+15
467 4.153634e+15
468 4.181176e+15
469 4.239941e+15
470 4.243749e+15
471 4.257082e+15
472 4.272953e+15
473 4.275556e+15
474 4.288753e+15
475 4.335071e+15
476 4.350028e+15
477 4.391383e+15
478 4.409130e+15
479 4.424319e+15
480 4.429162e+15
481 4.518162e+15
482 4.539148e+15
483 4.624048e+15
484 4.636126e+15
485 4.647553e+15
486 4.654855e+15
487 4.671156e+15
488 4.675978e+15
489 4.677327e+15
490 4.696932e+15
491 4.716234e+15
492 4.731808e+15
493 4.748612e+15
494 4.766518e+15
495 4.770569e+15
496 4.801867e+15
497 4.811218e+15
498 4.862692e+15
499 4.878174e+15
500 4.879486e+15
501 4.896400e+15
502 4.969270e+15
503 4.990659e+15
504 4.998842e+15
505 5.020826e+15
506 5.062833e+15
507 5.072438e+15
508 5.074412e+15
509 5.076150e+15
510 5.103871e+15
511 5.124773e+15
512 5.128131e+15
513 5.135531e+15
514 5.155556e+15
515 5.184698e+15
516 5.186771e+15
517 5.212796e+15
518 5.221688e+15
519 5.243399e+15
520 5.249614e+15
521 5.257746e+15
522 5.273487e+15
523 5.282598e+15
524 5.324064e+15
525 5.392723e+15
526 5.420679e+15
527 5.450813e+15
528 5.470351e+15
529 5.492687e+15
530 5.537339e+15
531 5.564399e+15
532 5.582605e+15
533 5.625896e+15
534 5.635738e+15
535 5.657445e+15
536 5.676156e+15
537 5.694407e+15
538 5.738485e+15
539 5.756405e+15
540 5.793171e+15
541 5.919343e+15
542 5.936222e+15
543 5.986816e+15
544 6.040546e+15
545 6.081470e+15
546 6.129839e+15
547 6.150735e+15
548 6.245548e+15
549 6.269343e+15
550 6.291424e+15
551 6.334297e+15
552 6.352323e+15
553 6.362132e+15
554 6.366049e+15
555 6.369513e+15
556 6.455152e+15
557 6.483160e+15
558 6.535315e+15
559 6.631845e+15
560 6.632033e+15
561 6.673861e+15
562 6.687680e+15
563 6.728722e+15
564 6.833571e+15
565 6.880321e+15
566 6.901834e+15
567 6.942782e+15
568 6.962980e+15
569 7.070754e+15
570 7.076036e+15
571 7.097815e+15
572 7.109997e+15
573 7.162445e+15
574 7.170351e+15
575 7.176070e+15
576 7.196243e+15
577 7.232792e+15
578 7.260983e+15
579 7.303364e+15
580 7.362497e+15
581 7.395219e+15
582 7.452785e+15
583 7.524219e+15
584 7.548772e+15
585 7.573301e+15
586 7.634960e+15
587 7.742342e+15
588 7.749660e+15
589 7.907749e+15
590 7.955260e+15
591 7.968272e+15
592 8.044333e+15
593 8.072592e+15
594 8.245050e+15
595 8.285949e+15
596 8.287807e+15
597 8.329160e+15
598 8.362211e+15
599 8.466864e+15
600 8.602884e+15
601 8.664341e+15
602 8.684798e+15
603 8.731149e+15
604 9.073147e+15
605 9.087698e+15
606 9.124635e+15
607 9.219288e+15
608 9.256767e+15
609 9.324228e+15
610 9.390343e+15
611 9.456746e+15
612 9.463287e+15
613 9.512399e+15
614 9.625646e+15
615 9.637991e+15
616 9.661279e+15
617 9.669836e+15
618 9.804373e+15
619 9.847695e+15
620 9.901320e+15
621 9.951409e+15
622 1.002835e+16
623 1.003761e+16
624 1.006216e+16
625 1.013647e+16
626 1.026375e+16
627 1.029339e+16
628 1.036135e+16
629 1.040118e+16
630 1.048494e+16
631 1.050480e+16
632 1.080154e+16
633 1.092423e+16
634 1.095465e+16
635 1.113233e+16
636 1.114056e+16
637 1.115578e+16
638 1.123756e+16
639 1.126256e+16
640 1.127724e+16
641 1.134862e+16
642 1.145805e+16
643 1.149501e+16
644 1.156309e+16
645 1.164121e+16
646 1.167192e+16
647 1.169030e+16
648 1.180511e+16
649 1.184432e+16
650 1.207345e+16
651 1.208152e+16
652 1.210550e+16
653 1.227206e+16
654 1.231730e+16
655 1.232004e+16
656 1.235479e+16
657 1.237558e+16
658 1.245284e+16
659 1.258696e+16
660 1.285815e+16
661 1.301149e+16
662 1.315238e+16
663 1.315877e+16
664 1.320694e+16
665 1.357282e+16
666 1.359181e+16
667 1.372520e+16
668 1.381889e+16
669 1.389105e+16
670 1.399237e+16
671 1.418303e+16
672 1.422710e+16
673 1.441939e+16
674 1.447869e+16
675 1.451083e+16
676 1.452225e+16
677 1.456345e+16
678 1.457225e+16
679 1.479085e+16
680 1.480086e+16
681 1.517634e+16
682 1.520249e+16
683 1.539212e+16
684 1.557919e+16
685 1.566272e+16
686 1.568493e+16
687 1.577457e+16
688 1.591667e+16
689 1.595866e+16
690 1.601950e+16
691 1.618305e+16
692 1.624344e+16
693 1.633592e+16
694 1.634868e+16
695 1.641237e+16
696 1.652494e+16
697 1.662665e+16
698 1.668027e+16
699 1.671587e+16
700 1.684105e+16
701 1.691053e+16
702 1.706697e+16
703 1.739838e+16
704 1.757836e+16
705 1.781099e+16
706 1.790161e+16
707 1.797233e+16
708 1.812367e+16
709 1.818471e+16
710 1.832845e+16
711 1.862842e+16
712 1.870216e+16
713 1.871850e+16
714 1.876027e+16
715 1.906239e+16
716 1.923976e+16
717 1.926465e+16
718 1.951689e+16
719 1.961174e+16
720 2.004595e+16
721 2.037987e+16
722 2.051695e+16
723 2.053572e+16
724 2.068761e+16
725 2.072158e+16
726 2.076183e+16
727 2.105239e+16
728 2.107209e+16
729 2.116893e+16
730 2.124436e+16
731 2.128632e+16
732 2.134334e+16
733 2.136961e+16
734 2.163541e+16
735 2.164114e+16
736 2.180363e+16
737 2.183179e+16
738 2.205677e+16
739 2.214173e+16
740 2.228092e+16
741 2.240319e+16
742 2.240591e+16
743 2.241269e+16
744 2.259350e+16
745 2.267508e+16
746 2.293206e+16
747 2.293960e+16
748 2.302927e+16
749 2.304265e+16
750 2.311527e+16
751 2.340819e+16
752 2.343969e+16
753 2.391816e+16
754 2.413749e+16
755 2.416784e+16
756 2.443568e+16
757 2.463759e+16
758 2.480681e+16
759 2.485518e+16
760 2.510942e+16
761 2.531081e+16
762 2.541647e+16
763 2.549852e+16
764 2.558329e+16
765 2.561972e+16
766 2.562765e+16
767 2.575356e+16
768 2.591441e+16
769 2.616992e+16
770 2.634592e+16
771 2.652842e+16
772 2.733463e+16
773 2.796277e+16
774 2.817228e+16
775 2.831381e+16
776 2.849495e+16
777 2.866224e+16
778 2.873197e+16
779 2.885034e+16
780 2.887198e+16
781 2.902249e+16
782 2.904562e+16
783 2.917757e+16
784 2.920252e+16
785 2.979551e+16
786 3.004166e+16
787 3.011570e+16
788 3.026748e+16
789 3.081491e+16
790 3.084590e+16
791 3.123344e+16
792 3.127282e+16
793 3.145772e+16
794 3.154647e+16
795 3.174804e+16
796 3.260215e+16
797 3.341694e+16
798 3.354236e+16
799 3.362834e+16
800 3.365826e+16
801 3.375695e+16
802 3.393488e+16
803 3.399025e+16
804 3.402074e+16
805 3.431458e+16
806 3.503637e+16
807 3.507833e+16
808 3.641238e+16
809 3.655967e+16
810 3.671030e+16
811 3.709162e+16
812 3.763420e+16
813 3.892280e+16
814 3.984206e+16
815 4.018422e+16
816 4.035466e+16
817 4.059232e+16
818 4.074796e+16
819 4.130362e+16
820 4.245646e+16
821 4.423528e+16
822 4.439165e+16
823 4.491012e+16
824 4.520956e+16
825 4.535893e+16
826 4.576791e+16
827 4.601858e+16
828 4.618635e+16
829 4.727552e+16
830 4.864776e+16
831 5.016065e+16
832 5.035936e+16
833 5.073896e+16
834 5.095908e+16
835 5.131082e+16
836 5.171997e+16
837 5.174640e+16
838 5.268584e+16
839 5.277202e+16
840 5.329095e+16
841 5.346469e+16
842 5.498746e+16
843 5.511423e+16
844 5.524849e+16
845 5.540392e+16
846 5.580619e+16
847 5.693325e+16
848 5.777970e+16
849 5.818914e+16
850 5.885257e+16
851 5.902745e+16
852 6.038406e+16
853 6.065741e+16
854 6.207373e+16
855 6.239349e+16
856 6.348275e+16
857 6.387410e+16
858 6.411769e+16
859 6.434867e+16
860 6.507870e+16
861 6.529205e+16
862 6.608420e+16
863 6.693905e+16
864 6.731691e+16
865 7.000984e+16
866 7.075044e+16
867 7.099791e+16
868 7.169475e+16
869 7.309251e+16
870 7.382539e+16
871 7.388532e+16
872 7.592439e+16
873 7.725020e+16
874 7.791228e+16
875 7.904626e+16
876 7.958672e+16
877 8.082291e+16
878 8.207630e+16
879 8.259449e+16
880 8.441458e+16
881 8.533917e+16
882 8.642743e+16
883 8.827547e+16
884 8.871430e+16
885 9.069139e+16
886 9.148593e+16
887 9.214276e+16
888 9.245386e+16
889 9.457585e+16
890 9.510206e+16
891 9.897781e+16
892 1.023792e+17
893 1.044915e+17
894 1.060429e+17
895 1.060824e+17
896 1.061577e+17
897 1.074217e+17
898 1.077240e+17
899 1.083432e+17
900 1.087805e+17
901 1.093940e+17
902 1.111731e+17
903 1.133162e+17
904 1.148222e+17
905 1.155667e+17
906 1.161979e+17
907 1.165020e+17
908 1.203014e+17
909 1.216068e+17
910 1.252708e+17
911 1.256800e+17
912 1.274371e+17
913 1.284092e+17
914 1.342399e+17
915 1.401994e+17
916 1.403303e+17
917 1.408773e+17
918 1.410562e+17
919 1.412958e+17
920 1.446079e+17
921 1.511354e+17
922 1.531939e+17
923 1.616290e+17
924 1.634885e+17
925 1.660156e+17
926 1.666268e+17
927 1.752719e+17
928 1.760619e+17
929 1.802314e+17
930 1.832818e+17
931 1.872195e+17
932 1.902299e+17
933 1.904058e+17
934 1.940341e+17
935 1.941205e+17
936 2.023654e+17
937 2.039102e+17
938 2.082897e+17
939 2.116324e+17
940 2.137834e+17
941 2.138011e+17
942 2.161752e+17
943 2.225861e+17
944 2.272015e+17
945 2.277402e+17
946 2.333200e+17
947 2.517670e+17
948 2.664577e+17
949 2.700912e+17
950 2.741411e+17
951 2.746550e+17
952 2.940628e+17
953 3.011895e+17
954 3.120145e+17
955 3.126204e+17
956 3.144891e+17
957 3.159610e+17
958 3.293594e+17
959 3.326948e+17
960 3.361270e+17
961 3.361849e+17
962 3.388873e+17
963 3.832408e+17
964 3.886612e+17
965 3.949850e+17
966 3.960350e+17
967 3.991328e+17
968 4.252596e+17
969 4.306547e+17
970 4.309953e+17
971 4.427367e+17
972 4.620224e+17
973 4.672346e+17
974 4.800178e+17
975 5.145645e+17
976 5.178980e+17
977 5.776767e+17
978 6.163963e+17
979 6.503879e+17
980 6.626012e+17
981 6.743566e+17
982 7.134159e+17
983 7.662057e+17
984 7.694500e+17
985 7.820443e+17
986 9.863931e+17
987 9.939772e+17
988 1.215250e+18
989 1.270491e+18
990 1.283208e+18
991 1.356097e+18
992 1.477370e+18
993 1.614855e+18
994 1.757754e+18
995 1.988332e+18
996 2.073971e+18
997 2.615186e+18
998 2.766100e+18
999 3.142318e+18
1000 8.256657e+18
