# Mean mass (g): 5.05e+15
1 8.406704e+14
2 8.769436e+14
3 9.132169e+14
4 1.118765e+15
5 1.142947e+15
6 1.167129e+15
7 1.167129e+15
8 1.251767e+15
9 1.263858e+15
10 1.288040e+15
11 1.312222e+15
12 1.348496e+15
13 1.348496e+15
14 1.457315e+15
15 1.469406e+15
16 1.529862e+15
17 1.541953e+15
18 1.578226e+15
19 1.626590e+15
20 1.650772e+15
21 1.662863e+15
22 1.674955e+15
23 1.771683e+15
24 1.807956e+15
25 1.844230e+15
26 1.868412e+15
27 1.916776e+15
28 1.916776e+15
29 1.989322e+15
30 2.037687e+15
31 2.061869e+15
32 2.061869e+15
33 2.122324e+15
34 2.134415e+15
35 2.170689e+15
36 2.182780e+15
37 2.206962e+15
38 2.231144e+15
39 2.231144e+15
40 2.231144e+15
41 2.255326e+15
42 2.267417e+15
43 2.279508e+15
44 2.279508e+15
45 2.315781e+15
46 2.315781e+15
47 2.315781e+15
48 2.327873e+15
49 2.339964e+15
50 2.352055e+15
51 2.364146e+15
52 2.376237e+15
53 2.388328e+15
54 2.412510e+15
55 2.424601e+15
56 2.424601e+15
57 2.436692e+15
58 2.436692e+15
59 2.448783e+15
60 2.460874e+15
61 2.485057e+15
62 2.497148e+15
63 2.521330e+15
64 2.545512e+15
65 2.557603e+15
66 2.581785e+15
67 2.605967e+15
68 2.605967e+15
69 2.618058e+15
70 2.630149e+15
71 2.630149e+15
72 2.642241e+15
73 2.642241e+15
74 2.666423e+15
75 2.666423e+15
76 2.666423e+15
77 2.666423e+15
78 2.666423e+15
79 2.666423e+15
80 2.678514e+15
81 2.702696e+15
82 2.702696e+15
83 2.726878e+15
84 2.726878e+15
85 2.738969e+15
86 2.751060e+15
87 2.751060e+15
88 2.763151e+15
89 2.763151e+15
90 2.763151e+15
91 2.775242e+15
92 2.787333e+15
93 2.799424e+15
94 2.799424e+15
95 2.799424e+15
96 2.811516e+15
97 2.871971e+15
98 2.871971e+15
99 2.871971e+15
100 2.896153e+15
101 2.908244e+15
102 2.920335e+15
103 2.932426e+15
104 2.932426e+15
105 2.956608e+15
106 2.956608e+15
107 2.968700e+15
108 2.980791e+15
109 2.992882e+15
110 3.004973e+15
111 3.017064e+15
112 3.017064e+15
113 3.017064e+15
114 3.017064e+15
115 3.029155e+15
116 3.041246e+15
117 3.041246e+15
118 3.065428e+15
119 3.065428e+15
120 3.077519e+15
121 3.077519e+15
122 3.077519e+15
123 3.101701e+15
124 3.113792e+15
125 3.113792e+15
126 3.125883e+15
127 3.137975e+15
128 3.150066e+15
129 3.174248e+15
130 3.186339e+15
131 3.198430e+15
132 3.210521e+15
133 3.210521e+15
134 3.210521e+15
135 3.210521e+15
136 3.222612e+15
137 3.222612e+15
138 3.234703e+15
139 3.234703e+15
140 3.234703e+15
141 3.246794e+15
142 3.246794e+15
143 3.246794e+15
144 3.258885e+15
145 3.258885e+15
146 3.270976e+15
147 3.270976e+15
148 3.295159e+15
149 3.295159e+15
150 3.295159e+15
151 3.307250e+15
152 3.307250e+15
153 3.319341e+15
154 3.319341e+15
155 3.331432e+15
156 3.331432e+15
157 3.343523e+15
158 3.343523e+15
159 3.355614e+15
160 3.367705e+15
161 3.367705e+15
162 3.379796e+15
163 3.379796e+15
164 3.379796e+15
165 3.391887e+15
166 3.403978e+15
167 3.428160e+15
168 3.428160e+15
169 3.428160e+15
170 3.440251e+15
171 3.440251e+15
172 3.440251e+15
173 3.440251e+15
174 3.464434e+15
175 3.476525e+15
176 3.500707e+15
177 3.500707e+15
178 3.524889e+15
179 3.524889e+15
180 3.536980e+15
181 3.549071e+15
182 3.561162e+15
183 3.561162e+15
184 3.561162e+15
185 3.573253e+15
186 3.573253e+15
187 3.573253e+15
188 3.585344e+15
189 3.585344e+15
190 3.585344e+15
191 3.585344e+15
192 3.597435e+15
193 3.597435e+15
194 3.597435e+15
195 3.609526e+15
196 3.621618e+15
197 3.621618e+15
198 3.621618e+15
199 3.621618e+15
200 3.633709e+15
201 3.633709e+15
202 3.645800e+15
203 3.657891e+15
204 3.657891e+15
205 3.682073e+15
206 3.682073e+15
207 3.682073e+15
208 3.682073e+15
209 3.694164e+15
210 3.694164e+15
211 3.694164e+15
212 3.706255e+15
213 3.706255e+15
214 3.706255e+15
215 3.730437e+15
216 3.730437e+15
217 3.730437e+15
218 3.742528e+15
219 3.742528e+15
220 3.754619e+15
221 3.754619e+15
222 3.766710e+15
223 3.766710e+15
224 3.790893e+15
225 3.802984e+15
226 3.802984e+15
227 3.802984e+15
228 3.802984e+15
229 3.802984e+15
230 3.815075e+15
231 3.815075e+15
232 3.815075e+15
233 3.839257e+15
234 3.851348e+15
235 3.851348e+15
236 3.851348e+15
237 3.851348e+15
238 3.851348e+15
239 3.863439e+15
240 3.863439e+15
241 3.875530e+15
242 3.875530e+15
243 3.875530e+15
244 3.875530e+15
245 3.875530e+15
246 3.875530e+15
247 3.875530e+15
248 3.887621e+15
249 3.887621e+15
250 3.887621e+15
251 3.899712e+15
252 3.899712e+15
253 3.899712e+15
254 3.923894e+15
255 3.923894e+15
256 3.923894e+15
257 3.935985e+15
258 3.948077e+15
259 3.948077e+15
260 3.948077e+15
261 3.960168e+15
262 3.960168e+15
263 3.972259e+15
264 3.984350e+15
265 3.984350e+15
266 3.996441e+15
267 3.996441e+15
268 3.996441e+15
269 4.008532e+15
270 4.008532e+15
271 4.020623e+15
272 4.020623e+15
273 4.020623e+15
274 4.032714e+15
275 4.032714e+15
276 4.032714e+15
277 4.044805e+15
278 4.044805e+15
279 4.068987e+15
280 4.081078e+15
281 4.081078e+15
282 4.093169e+15
283 4.093169e+15
284 4.093169e+15
285 4.093169e+15
286 4.105260e+15
287 4.117352e+15
288 4.117352e+15
289 4.129443e+15
290 4.129443e+15
291 4.141534e+15
292 4.153625e+15
293 4.153625e+15
294 4.153625e+15
295 4.153625e+15
296 4.153625e+15
297 4.165716e+15
298 4.177807e+15
299 4.177807e+15
300 4.177807e+15
301 4.189898e+15
302 4.189898e+15
303 4.189898e+15
304 4.201989e+15
305 4.214080e+15
306 4.214080e+15
307 4.214080e+15
308 4.214080e+15
309 4.214080e+15
310 4.214080e+15
311 4.226171e+15
312 4.226171e+15
313 4.238262e+15
314 4.250353e+15
315 4.250353e+15
316 4.250353e+15
317 4.262444e+15
318 4.262444e+15
319 4.262444e+15
320 4.286627e+15
321 4.286627e+15
322 4.286627e+15
323 4.298718e+15
324 4.298718e+15
325 4.298718e+15
326 4.310809e+15
327 4.310809e+15
328 4.310809e+15
329 4.310809e+15
330 4.322900e+15
331 4.322900e+15
332 4.334991e+15
333 4.334991e+15
334 4.334991e+15
335 4.334991e+15
336 4.347082e+15
337 4.347082e+15
338 4.359173e+15
339 4.359173e+15
340 4.359173e+15
341 4.371264e+15
342 4.371264e+15
343 4.371264e+15
344 4.383355e+15
345 4.383355e+15
346 4.383355e+15
347 4.383355e+15
348 4.395446e+15
349 4.395446e+15
350 4.395446e+15
351 4.407537e+15
352 4.407537e+15
353 4.407537e+15
354 4.419628e+15
355 4.419628e+15
356 4.419628e+15
357 4.419628e+15
358 4.431720e+15
359 4.431720e+15
360 4.431720e+15
361 4.431720e+15
362 4.443811e+15
363 4.443811e+15
364 4.455902e+15
365 4.467993e+15
366 4.467993e+15
367 4.480084e+15
368 4.480084e+15
369 4.480084e+15
370 4.492175e+15
371 4.504266e+15
372 4.504266e+15
373 4.504266e+15
374 4.504266e+15
375 4.516357e+15
376 4.516357e+15
377 4.516357e+15
378 4.528448e+15
379 4.528448e+15
380 4.528448e+15
381 4.540539e+15
382 4.540539e+15
383 4.540539e+15
384 4.540539e+15
385 4.540539e+15
386 4.552630e+15
387 4.552630e+15
388 4.564721e+15
389 4.564721e+15
390 4.564721e+15
391 4.564721e+15
392 4.576812e+15
393 4.576812e+15
394 4.576812e+15
395 4.576812e+15
396 4.576812e+15
397 4.588903e+15
398 4.588903e+15
399 4.588903e+15
400 4.588903e+15
401 4.600995e+15
402 4.600995e+15
403 4.613086e+15
404 4.613086e+15
405 4.613086e+15
406 4.613086e+15
407 4.613086e+15
408 4.625177e+15
409 4.625177e+15
410 4.625177e+15
411 4.637268e+15
412 4.637268e+15
413 4.637268e+15
414 4.649359e+15
415 4.649359e+15
416 4.661450e+15
417 4.661450e+15
418 4.661450e+15
419 4.673541e+15
420 4.673541e+15
421 4.673541e+15
422 4.673541e+15
423 4.673541e+15
424 4.685632e+15
425 4.709814e+15
426 4.709814e+15
427 4.709814e+15
428 4.709814e+15
429 4.709814e+15
430 4.709814e+15
431 4.721905e+15
432 4.721905e+15
433 4.721905e+15
434 4.721905e+15
435 4.733996e+15
436 4.746087e+15
437 4.746087e+15
438 4.758179e+15
439 4.758179e+15
440 4.758179e+15
441 4.758179e+15
442 4.758179e+15
443 4.770270e+15
444 4.770270e+15
445 4.782361e+15
446 4.782361e+15
447 4.782361e+15
448 4.794452e+15
449 4.794452e+15
450 4.794452e+15
451 4.806543e+15
452 4.806543e+15
453 4.806543e+15
454 4.818634e+15
455 4.830725e+15
456 4.830725e+15
457 4.842816e+15
458 4.842816e+15
459 4.854907e+15
460 4.854907e+15
461 4.854907e+15
462 4.866998e+15
463 4.866998e+15
464 4.866998e+15
465 4.879089e+15
466 4.879089e+15
467 4.879089e+15
468 4.879089e+15
469 4.879089e+15
470 4.903271e+15
471 4.915362e+15
472 4.915362e+15
473 4.927454e+15
474 4.927454e+15
475 4.927454e+15
476 4.939545e+15
477 4.951636e+15
478 4.951636e+15
479 4.951636e+15
480 4.951636e+15
481 4.951636e+15
482 4.951636e+15
483 4.951636e+15
484 4.963727e+15
485 4.963727e+15
486 4.963727e+15
487 4.963727e+15
488 4.963727e+15
489 4.963727e+15
490 4.963727e+15
491 4.975818e+15
492 4.975818e+15
493 4.975818e+15
494 4.987909e+15
495 5.000000e+15
496 5.000000e+15
497 5.000000e+15
498 5.000000e+15
499 5.000000e+15
500 5.000000e+15
501 5.000000e+15
502 5.012091e+15
503 5.012091e+15
504 5.012091e+15
505 5.012091e+15
506 5.012091e+15
507 5.024182e+15
508 5.048364e+15
509 5.060455e+15
510 5.060455e+15
511 5.072546e+15
512 5.072546e+15
513 5.072546e+15
514 5.084638e+15
515 5.084638e+15
516 5.084638e+15
517 5.096729e+15
518 5.108820e+15
519 5.120911e+15
520 5.120911e+15
521 5.133002e+15
522 5.133002e+15
523 5.133002e+15
524 5.133002e+15
525 5.145093e+15
526 5.145093e+15
527 5.145093e+15
528 5.157184e+15
529 5.169275e+15
530 5.169275e+15
531 5.169275e+15
532 5.181366e+15
533 5.181366e+15
534 5.193457e+15
535 5.205548e+15
536 5.205548e+15
537 5.205548e+15
538 5.205548e+15
539 5.217639e+15
540 5.217639e+15
541 5.217639e+15
542 5.229730e+15
543 5.229730e+15
544 5.229730e+15
545 5.229730e+15
546 5.229730e+15
547 5.241821e+15
548 5.241821e+15
549 5.241821e+15
550 5.253913e+15
551 5.266004e+15
552 5.266004e+15
553 5.278095e+15
554 5.278095e+15
555 5.278095e+15
556 5.290186e+15
557 5.290186e+15
558 5.302277e+15
559 5.302277e+15
560 5.302277e+15
561 5.314368e+15
562 5.314368e+15
563 5.326459e+15
564 5.326459e+15
565 5.326459e+15
566 5.338550e+15
567 5.350641e+15
568 5.350641e+15
569 5.350641e+15
570 5.350641e+15
571 5.362732e+15
572 5.374823e+15
573 5.386914e+15
574 5.386914e+15
575 5.399005e+15
576 5.411097e+15
577 5.411097e+15
578 5.411097e+15
579 5.411097e+15
580 5.411097e+15
581 5.411097e+15
582 5.411097e+15
583 5.435279e+15
584 5.435279e+15
585 5.447370e+15
586 5.447370e+15
587 5.447370e+15
588 5.447370e+15
589 5.459461e+15
590 5.471552e+15
591 5.471552e+15
592 5.471552e+15
593 5.471552e+15
594 5.471552e+15
595 5.483643e+15
596 5.483643e+15
597 5.483643e+15
598 5.483643e+15
599 5.495734e+15
600 5.495734e+15
601 5.495734e+15
602 5.495734e+15
603 5.507825e+15
604 5.507825e+15
605 5.507825e+15
606 5.519916e+15
607 5.519916e+15
608 5.532007e+15
609 5.532007e+15
610 5.544098e+15
611 5.544098e+15
612 5.544098e+15
613 5.556189e+15
614 5.556189e+15
615 5.556189e+15
616 5.556189e+15
617 5.556189e+15
618 5.568280e+15
619 5.568280e+15
620 5.568280e+15
621 5.580372e+15
622 5.580372e+15
623 5.580372e+15
624 5.580372e+15
625 5.592463e+15
626 5.592463e+15
627 5.592463e+15
628 5.592463e+15
629 5.604554e+15
630 5.604554e+15
631 5.604554e+15
632 5.604554e+15
633 5.604554e+15
634 5.604554e+15
635 5.604554e+15
636 5.616645e+15
637 5.616645e+15
638 5.616645e+15
639 5.616645e+15
640 5.628736e+15
641 5.628736e+15
642 5.628736e+15
643 5.640827e+15
644 5.640827e+15
645 5.652918e+15
646 5.652918e+15
647 5.652918e+15
648 5.665009e+15
649 5.665009e+15
650 5.665009e+15
651 5.665009e+15
652 5.665009e+15
653 5.677100e+15
654 5.677100e+15
655 5.677100e+15
656 5.689191e+15
657 5.689191e+15
658 5.689191e+15
659 5.701282e+15
660 5.701282e+15
661 5.701282e+15
662 5.713373e+15
663 5.713373e+15
664 5.713373e+15
665 5.713373e+15
666 5.725464e+15
667 5.725464e+15
668 5.725464e+15
669 5.725464e+15
670 5.725464e+15
671 5.737556e+15
672 5.737556e+15
673 5.737556e+15
674 5.737556e+15
675 5.737556e+15
676 5.749647e+15
677 5.749647e+15
678 5.749647e+15
679 5.749647e+15
680 5.761738e+15
681 5.773829e+15
682 5.773829e+15
683 5.785920e+15
684 5.785920e+15
685 5.798011e+15
686 5.798011e+15
687 5.798011e+15
688 5.798011e+15
689 5.798011e+15
690 5.822193e+15
691 5.822193e+15
692 5.834284e+15
693 5.858466e+15
694 5.870557e+15
695 5.870557e+15
696 5.870557e+15
697 5.870557e+15
698 5.870557e+15
699 5.870557e+15
700 5.882648e+15
701 5.882648e+15
702 5.894740e+15
703 5.906831e+15
704 5.918922e+15
705 5.918922e+15
706 5.918922e+15
707 5.931013e+15
708 5.931013e+15
709 5.943104e+15
710 5.943104e+15
711 5.955195e+15
712 5.955195e+15
713 5.967286e+15
714 5.967286e+15
715 5.979377e+15
716 5.979377e+15
717 5.979377e+15
718 5.979377e+15
719 5.991468e+15
720 6.003559e+15
721 6.003559e+15
722 6.015650e+15
723 6.027741e+15
724 6.027741e+15
725 6.027741e+15
726 6.039832e+15
727 6.039832e+15
728 6.039832e+15
729 6.039832e+15
730 6.039832e+15
731 6.039832e+15
732 6.051923e+15
733 6.076106e+15
734 6.088197e+15
735 6.100288e+15
736 6.100288e+15
737 6.100288e+15
738 6.124470e+15
739 6.124470e+15
740 6.124470e+15
741 6.124470e+15
742 6.124470e+15
743 6.148652e+15
744 6.148652e+15
745 6.148652e+15
746 6.148652e+15
747 6.148652e+15
748 6.148652e+15
749 6.160743e+15
750 6.160743e+15
751 6.184925e+15
752 6.197016e+15
753 6.209107e+15
754 6.209107e+15
755 6.221199e+15
756 6.221199e+15
757 6.221199e+15
758 6.221199e+15
759 6.221199e+15
760 6.221199e+15
761 6.233290e+15
762 6.233290e+15
763 6.233290e+15
764 6.245381e+15
765 6.245381e+15
766 6.245381e+15
767 6.245381e+15
768 6.245381e+15
769 6.245381e+15
770 6.257472e+15
771 6.257472e+15
772 6.257472e+15
773 6.269563e+15
774 6.269563e+15
775 6.281654e+15
776 6.281654e+15
777 6.293745e+15
778 6.293745e+15
779 6.293745e+15
780 6.305836e+15
781 6.305836e+15
782 6.305836e+15
783 6.317927e+15
784 6.330018e+15
785 6.330018e+15
786 6.330018e+15
787 6.354200e+15
788 6.378382e+15
789 6.378382e+15
790 6.378382e+15
791 6.390474e+15
792 6.390474e+15
793 6.402565e+15
794 6.402565e+15
795 6.414656e+15
796 6.414656e+15
797 6.414656e+15
798 6.426747e+15
799 6.426747e+15
800 6.426747e+15
801 6.438838e+15
802 6.438838e+15
803 6.450929e+15
804 6.463020e+15
805 6.463020e+15
806 6.475111e+15
807 6.475111e+15
808 6.475111e+15
809 6.475111e+15
810 6.487202e+15
811 6.487202e+15
812 6.499293e+15
813 6.511384e+15
814 6.511384e+15
815 6.511384e+15
816 6.511384e+15
817 6.523475e+15
818 6.535566e+15
819 6.535566e+15
820 6.547658e+15
821 6.547658e+15
822 6.559749e+15
823 6.559749e+15
824 6.571840e+15
825 6.571840e+15
826 6.583931e+15
827 6.583931e+15
828 6.583931e+15
829 6.583931e+15
830 6.596022e+15
831 6.596022e+15
832 6.596022e+15
833 6.608113e+15
834 6.608113e+15
835 6.608113e+15
836 6.620204e+15
837 6.620204e+15
838 6.632295e+15
839 6.632295e+15
840 6.632295e+15
841 6.644386e+15
842 6.656477e+15
843 6.656477e+15
844 6.668568e+15
845 6.704841e+15
846 6.704841e+15
847 6.716933e+15
848 6.716933e+15
849 6.741115e+15
850 6.741115e+15
851 6.741115e+15
852 6.741115e+15
853 6.753206e+15
854 6.753206e+15
855 6.753206e+15
856 6.765297e+15
857 6.777388e+15
858 6.789479e+15
859 6.801570e+15
860 6.837843e+15
861 6.837843e+15
862 6.849934e+15
863 6.862025e+15
864 6.862025e+15
865 6.862025e+15
866 6.874117e+15
867 6.886208e+15
868 6.886208e+15
869 6.886208e+15
870 6.886208e+15
871 6.898299e+15
872 6.910390e+15
873 6.922481e+15
874 6.922481e+15
875 6.922481e+15
876 6.934572e+15
877 6.934572e+15
878 6.934572e+15
879 6.934572e+15
880 6.946663e+15
881 6.970845e+15
882 6.982936e+15
883 6.995027e+15
884 6.995027e+15
885 6.995027e+15
886 6.995027e+15
887 7.019209e+15
888 7.019209e+15
889 7.031300e+15
890 7.043392e+15
891 7.055483e+15
892 7.067574e+15
893 7.067574e+15
894 7.067574e+15
895 7.067574e+15
896 7.079665e+15
897 7.091756e+15
898 7.091756e+15
899 7.103847e+15
900 7.103847e+15
901 7.103847e+15
902 7.103847e+15
903 7.128029e+15
904 7.128029e+15
905 7.140120e+15
906 7.152211e+15
907 7.164302e+15
908 7.164302e+15
909 7.176393e+15
910 7.176393e+15
911 7.200576e+15
912 7.200576e+15
913 7.212667e+15
914 7.248940e+15
915 7.248940e+15
916 7.248940e+15
917 7.261031e+15
918 7.261031e+15
919 7.273122e+15
920 7.285213e+15
921 7.297304e+15
922 7.333577e+15
923 7.357759e+15
924 7.369851e+15
925 7.394033e+15
926 7.394033e+15
927 7.394033e+15
928 7.406124e+15
929 7.430306e+15
930 7.442397e+15
931 7.478670e+15
932 7.490761e+15
933 7.490761e+15
934 7.514943e+15
935 7.551217e+15
936 7.575399e+15
937 7.611672e+15
938 7.623763e+15
939 7.623763e+15
940 7.635854e+15
941 7.635854e+15
942 7.647945e+15
943 7.672127e+15
944 7.684219e+15
945 7.720492e+15
946 7.720492e+15
947 7.756765e+15
948 7.768856e+15
949 7.768856e+15
950 7.793038e+15
951 7.805129e+15
952 7.817220e+15
953 7.817220e+15
954 7.841402e+15
955 7.853494e+15
956 7.853494e+15
957 7.877676e+15
958 7.889767e+15
959 7.901858e+15
960 7.938131e+15
961 7.950222e+15
962 7.974404e+15
963 8.034860e+15
964 8.046951e+15
965 8.143679e+15
966 8.155770e+15
967 8.155770e+15
968 8.179953e+15
969 8.192044e+15
970 8.204135e+15
971 8.204135e+15
972 8.228317e+15
973 8.288772e+15
974 8.288772e+15
975 8.361319e+15
976 8.373410e+15
977 8.409683e+15
978 8.421774e+15
979 8.445956e+15
980 8.518503e+15
981 8.542685e+15
982 8.578958e+15
983 8.627322e+15
984 8.651504e+15
985 8.651504e+15
986 8.808688e+15
987 8.820779e+15
988 8.844962e+15
989 8.953781e+15
990 8.953781e+15
991 9.002146e+15
992 9.292331e+15
993 9.376969e+15
994 9.413242e+15
995 9.449515e+15
996 9.485789e+15
997 9.594608e+15
998 9.691337e+15
999 9.727610e+15
1000 1.083999e+16
