# Mean mass (g): 2.69e+14
1 3.103360e+11
2 1.261655e+12
3 1.342039e+12
4 1.548247e+12
5 1.871227e+12
6 2.081561e+12
7 2.470867e+12
8 2.617461e+12
9 2.692461e+12
10 2.875258e+12
11 2.889901e+12
12 2.942002e+12
13 2.977682e+12
14 3.017425e+12
15 3.115974e+12
16 3.981370e+12
17 4.003102e+12
18 4.048620e+12
19 4.233758e+12
20 4.249978e+12
21 4.420566e+12
22 4.675741e+12
23 4.893098e+12
24 5.040281e+12
25 5.105973e+12
26 5.214455e+12
27 5.453383e+12
28 5.556156e+12
29 5.653171e+12
30 5.956609e+12
31 6.092670e+12
32 6.265577e+12
33 6.632306e+12
34 6.659152e+12
35 6.676593e+12
36 6.735235e+12
37 6.862897e+12
38 7.029933e+12
39 7.038156e+12
40 7.243420e+12
41 7.248609e+12
42 7.576782e+12
43 7.753005e+12
44 8.031802e+12
45 8.067471e+12
46 8.068490e+12
47 8.152793e+12
48 8.268177e+12
49 8.293263e+12
50 8.652246e+12
51 8.662981e+12
52 8.663902e+12
53 8.905929e+12
54 9.120570e+12
55 9.407102e+12
56 9.658306e+12
57 9.775317e+12
58 9.793239e+12
59 9.842221e+12
60 1.002837e+13
61 1.013331e+13
62 1.019560e+13
63 1.021143e+13
64 1.029757e+13
65 1.045832e+13
66 1.058052e+13
67 1.066119e+13
68 1.109028e+13
69 1.112211e+13
70 1.114185e+13
71 1.121141e+13
72 1.159730e+13
73 1.177184e+13
74 1.188308e+13
75 1.193027e+13
76 1.197753e+13
77 1.203355e+13
78 1.218353e+13
79 1.237846e+13
80 1.238351e+13
81 1.244110e+13
82 1.246166e+13
83 1.260003e+13
84 1.268445e+13
85 1.270584e+13
86 1.271704e+13
87 1.287905e+13
88 1.290742e+13
89 1.296760e+13
90 1.305466e+13
91 1.318733e+13
92 1.319219e+13
93 1.349450e+13
94 1.356375e+13
95 1.358464e+13
96 1.364461e+13
97 1.364829e+13
98 1.373970e+13
99 1.382580e+13
100 1.428792e+13
101 1.435576e+13
102 1.440630e+13
103 1.488306e+13
104 1.510018e+13
105 1.513524e+13
106 1.514460e+13
107 1.515898e+13
108 1.525639e+13
109 1.535970e+13
110 1.539388e+13
111 1.539456e+13
112 1.566866e+13
113 1.567199e+13
114 1.587719e+13
115 1.634292e+13
116 1.641173e+13
117 1.679069e+13
118 1.688486e+13
119 1.711035e+13
120 1.725910e+13
121 1.736967e+13
122 1.746775e+13
123 1.753020e+13
124 1.790182e+13
125 1.791103e+13
126 1.802964e+13
127 1.805057e+13
128 1.805266e+13
129 1.806051e+13
130 1.808027e+13
131 1.816972e+13
132 1.823562e+13
133 1.829520e+13
134 1.839515e+13
135 1.843277e+13
136 1.911052e+13
137 1.913486e+13
138 1.923519e+13
139 1.961316e+13
140 1.964030e+13
141 1.966103e+13
142 1.972479e+13
143 1.997955e+13
144 2.018508e+13
145 2.022041e+13
146 2.040280e+13
147 2.044885e+13
148 2.047759e+13
149 2.051615e+13
150 2.056573e+13
151 2.070302e+13
152 2.075284e+13
153 2.088192e+13
154 2.099191e+13
155 2.112467e+13
156 2.125655e+13
157 2.132123e+13
158 2.159649e+13
159 2.175799e+13
160 2.201987e+13
161 2.209843e+13
162 2.221018e+13
163 2.224825e+13
164 2.227696e+13
165 2.228142e+13
166 2.228744e+13
167 2.229331e+13
168 2.241298e+13
169 2.271651e+13
170 2.272214e+13
171 2.286422e+13
172 2.309693e+13
173 2.322456e+13
174 2.348601e+13
175 2.354524e+13
176 2.359232e+13
177 2.362162e+13
178 2.381839e+13
179 2.387071e+13
180 2.388270e+13
181 2.391703e+13
182 2.398171e+13
183 2.404776e+13
184 2.411193e+13
185 2.412689e+13
186 2.425369e+13
187 2.429764e+13
188 2.434781e+13
189 2.452716e+13
190 2.457050e+13
191 2.466813e+13
192 2.480027e+13
193 2.515792e+13
194 2.522121e+13
195 2.522391e+13
196 2.525138e+13
197 2.528709e+13
198 2.529390e+13
199 2.546166e+13
200 2.564502e+13
201 2.578351e+13
202 2.591135e+13
203 2.620785e+13
204 2.641171e+13
205 2.641597e+13
206 2.642566e+13
207 2.651899e+13
208 2.682442e+13
209 2.689953e+13
210 2.690946e+13
211 2.693074e+13
212 2.715643e+13
213 2.731082e+13
214 2.744447e+13
215 2.785375e+13
216 2.821454e+13
217 2.823140e+13
218 2.823341e+13
219 2.840273e+13
220 2.846607e+13
221 2.849008e+13
222 2.871772e+13
223 2.888290e+13
224 2.923759e+13
225 2.940963e+13
226 2.952974e+13
227 2.995469e+13
228 2.997224e+13
229 3.013789e+13
230 3.020114e+13
231 3.071190e+13
232 3.079309e+13
233 3.090537e+13
234 3.101899e+13
235 3.124063e+13
236 3.125778e+13
237 3.126178e+13
238 3.147989e+13
239 3.152681e+13
240 3.179619e+13
241 3.196320e+13
242 3.210033e+13
243 3.220375e+13
244 3.229208e+13
245 3.229363e+13
246 3.274704e+13
247 3.279530e+13
248 3.291015e+13
249 3.296243e+13
250 3.311343e+13
251 3.321496e+13
252 3.359687e+13
253 3.436509e+13
254 3.455217e+13
255 3.518457e+13
256 3.521237e+13
257 3.542610e+13
258 3.554316e+13
259 3.556980e+13
260 3.601095e+13
261 3.604138e+13
262 3.614759e+13
263 3.616971e+13
264 3.651555e+13
265 3.655561e+13
266 3.671737e+13
267 3.699267e+13
268 3.718028e+13
269 3.807933e+13
270 3.814341e+13
271 3.817417e+13
272 3.829803e+13
273 3.861752e+13
274 3.871501e+13
275 3.895062e+13
276 3.897960e+13
277 3.927932e+13
278 3.955432e+13
279 3.966442e+13
280 3.988191e+13
281 4.015674e+13
282 4.029795e+13
283 4.035055e+13
284 4.039401e+13
285 4.040169e+13
286 4.043027e+13
287 4.061621e+13
288 4.101212e+13
289 4.104981e+13
290 4.135386e+13
291 4.137443e+13
292 4.149495e+13
293 4.152437e+13
294 4.162370e+13
295 4.171860e+13
296 4.173851e+13
297 4.230938e+13
298 4.238688e+13
299 4.244687e+13
300 4.255818e+13
301 4.263754e+13
302 4.264338e+13
303 4.264611e+13
304 4.276971e+13
305 4.282346e+13
306 4.297237e+13
307 4.334077e+13
308 4.339703e+13
309 4.358655e+13
310 4.425622e+13
311 4.469789e+13
312 4.496266e+13
313 4.507790e+13
314 4.515319e+13
315 4.539294e+13
316 4.545839e+13
317 4.548187e+13
318 4.557956e+13
319 4.573921e+13
320 4.610221e+13
321 4.628789e+13
322 4.634677e+13
323 4.669175e+13
324 4.673781e+13
325 4.700444e+13
326 4.725837e+13
327 4.734661e+13
328 4.742815e+13
329 4.752285e+13
330 4.762876e+13
331 4.814971e+13
332 4.815399e+13
333 4.818373e+13
334 4.822168e+13
335 4.826745e+13
336 4.853105e+13
337 4.901657e+13
338 4.948409e+13
339 4.986790e+13
340 5.018063e+13
341 5.023920e+13
342 5.033943e+13
343 5.067212e+13
344 5.073125e+13
345 5.104942e+13
346 5.122021e+13
347 5.125566e+13
348 5.141685e+13
349 5.176975e+13
350 5.202664e+13
351 5.229121e+13
352 5.247792e+13
353 5.285185e+13
354 5.300870e+13
355 5.307850e+13
356 5.338697e+13
357 5.362351e+13
358 5.389045e+13
359 5.395012e+13
360 5.481978e+13
361 5.623983e+13
362 5.655432e+13
363 5.669353e+13
364 5.674812e+13
365 5.675634e+13
366 5.718725e+13
367 5.755835e+13
368 5.764828e+13
369 5.782877e+13
370 5.785878e+13
371 5.824377e+13
372 5.849852e+13
373 5.900051e+13
374 5.903112e+13
375 5.904418e+13
376 5.904429e+13
377 5.932968e+13
378 5.963075e+13
379 5.967321e+13
380 5.992988e+13
381 5.998996e+13
382 6.007253e+13
383 6.010384e+13
384 6.031772e+13
385 6.046975e+13
386 6.050530e+13
387 6.081393e+13
388 6.095990e+13
389 6.102255e+13
390 6.168234e+13
391 6.192944e+13
392 6.209057e+13
393 6.226040e+13
394 6.245226e+13
395 6.270807e+13
396 6.287792e+13
397 6.291232e+13
398 6.364594e+13
399 6.389743e+13
400 6.425802e+13
401 6.442006e+13
402 6.460926e+13
403 6.463580e+13
404 6.476726e+13
405 6.507186e+13
406 6.518530e+13
407 6.522711e+13
408 6.524975e+13
409 6.528813e+13
410 6.550298e+13
411 6.573278e+13
412 6.578958e+13
413 6.599848e+13
414 6.652250e+13
415 6.655116e+13
416 6.700100e+13
417 6.730456e+13
418 6.744669e+13
419 6.744784e+13
420 6.785705e+13
421 6.800542e+13
422 6.816115e+13
423 6.847243e+13
424 6.848542e+13
425 6.861119e+13
426 6.891210e+13
427 6.950189e+13
428 6.961065e+13
429 6.966424e+13
430 6.976849e+13
431 7.009463e+13
432 7.023154e+13
433 7.055601e+13
434 7.080796e+13
435 7.084414e+13
436 7.122545e+13
437 7.151520e+13
438 7.152064e+13
439 7.167857e+13
440 7.175410e+13
441 7.191071e+13
442 7.198636e+13
443 7.216948e+13
444 7.246067e+13
445 7.271008e+13
446 7.304761e+13
447 7.306324e+13
448 7.356483e+13
449 7.452822e+13
450 7.471126e+13
451 7.486253e+13
452 7.569491e+13
453 7.582885e+13
454 7.600360e+13
455 7.743509e+13
456 7.762059e+13
457 7.775877e+13
458 7.836491e+13
459 7.845981e+13
460 7.864749e+13
461 7.868572e+13
462 7.892681e+13
463 7.942128e+13
464 7.979645e+13
465 7.982093e+13
466 8.057729e+13
467 8.073857e+13
468 8.124539e+13
469 8.130190e+13
470 8.138349e+13
471 8.262693e+13
472 8.267393e+13
473 8.316031e+13
474 8.326823e+13
475 8.373960e+13
476 8.376026e+13
477 8.420321e+13
478 8.444856e+13
479 8.448239e+13
480 8.525624e+13
481 8.535089e+13
482 8.547411e+13
483 8.549084e+13
484 8.551703e+13
485 8.569653e+13
486 8.592825e+13
487 8.638428e+13
488 8.638527e+13
489 8.638731e+13
490 8.670018e+13
491 8.687580e+13
492 8.690726e+13
493 8.715392e+13
494 8.726599e+13
495 8.729678e+13
496 8.788819e+13
497 8.826244e+13
498 8.928726e+13
499 8.932555e+13
500 8.937962e+13
501 8.959642e+13
502 8.962930e+13
503 8.984083e+13
504 9.023792e+13
505 9.050920e+13
506 9.076502e+13
507 9.116203e+13
508 9.215409e+13
509 9.216737e+13
510 9.228220e+13
511 9.239440e+13
512 9.282017e+13
513 9.340496e+13
514 9.354331e+13
515 9.375862e+13
516 9.381876e+13
517 9.424299e+13
518 9.431278e+13
519 9.434193e+13
520 9.475459e+13
521 9.498808e+13
522 9.505815e+13
523 9.538785e+13
524 9.553229e+13
525 9.561283e+13
526 9.593878e+13
527 9.645991e+13
528 9.677885e+13
529 9.716315e+13
530 9.733949e+13
531 9.747203e+13
532 9.753803e+13
533 9.822323e+13
534 9.851000e+13
535 9.853779e+13
536 9.930658e+13
537 9.933517e+13
538 9.985138e+13
539 1.000133e+14
540 1.000444e+14
541 1.002284e+14
542 1.002616e+14
543 1.002788e+14
544 1.005949e+14
545 1.008957e+14
546 1.014667e+14
547 1.015236e+14
548 1.022626e+14
549 1.024099e+14
550 1.027539e+14
551 1.027733e+14
552 1.039525e+14
553 1.041096e+14
554 1.044448e+14
555 1.046134e+14
556 1.047997e+14
557 1.048787e+14
558 1.052751e+14
559 1.058578e+14
560 1.063894e+14
561 1.064043e+14
562 1.066523e+14
563 1.067503e+14
564 1.081685e+14
565 1.084323e+14
566 1.089026e+14
567 1.097842e+14
568 1.100602e+14
569 1.106918e+14
570 1.111405e+14
571 1.113341e+14
572 1.113971e+14
573 1.119253e+14
574 1.121605e+14
575 1.126264e+14
576 1.129774e+14
577 1.131718e+14
578 1.132539e+14
579 1.139985e+14
580 1.141254e+14
581 1.141552e+14
582 1.146662e+14
583 1.148152e+14
584 1.155694e+14
585 1.157052e+14
586 1.157146e+14
587 1.157394e+14
588 1.158408e+14
589 1.171971e+14
590 1.176750e+14
591 1.177232e+14
592 1.178782e+14
593 1.181956e+14
594 1.185435e+14
595 1.188439e+14
596 1.194847e+14
597 1.195304e+14
598 1.195552e+14
599 1.196647e+14
600 1.198034e+14
601 1.211282e+14
602 1.216945e+14
603 1.220687e+14
604 1.220702e+14
605 1.237901e+14
606 1.249762e+14
607 1.257459e+14
608 1.258442e+14
609 1.264299e+14
610 1.275459e+14
611 1.278234e+14
612 1.284046e+14
613 1.288950e+14
614 1.293272e+14
615 1.293802e+14
616 1.298867e+14
617 1.305549e+14
618 1.314949e+14
619 1.315818e+14
620 1.319863e+14
621 1.322258e+14
622 1.326626e+14
623 1.328628e+14
624 1.332100e+14
625 1.333870e+14
626 1.337321e+14
627 1.343814e+14
628 1.355577e+14
629 1.357351e+14
630 1.362191e+14
631 1.372051e+14
632 1.372685e+14
633 1.374414e+14
634 1.383986e+14
635 1.386626e+14
636 1.389106e+14
637 1.409230e+14
638 1.414090e+14
639 1.420338e+14
640 1.423900e+14
641 1.426359e+14
642 1.435016e+14
643 1.438752e+14
644 1.452305e+14
645 1.454502e+14
646 1.455221e+14
647 1.463878e+14
648 1.469043e+14
649 1.475658e+14
650 1.475799e+14
651 1.482538e+14
652 1.482842e+14
653 1.484762e+14
654 1.485926e+14
655 1.486827e+14
656 1.487139e+14
657 1.494617e+14
658 1.496031e+14
659 1.497751e+14
660 1.498456e+14
661 1.501945e+14
662 1.502052e+14
663 1.502230e+14
664 1.509289e+14
665 1.518654e+14
666 1.518825e+14
667 1.528388e+14
668 1.531151e+14
669 1.564295e+14
670 1.564980e+14
671 1.568826e+14
672 1.569856e+14
673 1.593446e+14
674 1.593481e+14
675 1.601638e+14
676 1.605118e+14
677 1.612200e+14
678 1.615313e+14
679 1.632288e+14
680 1.633573e+14
681 1.652258e+14
682 1.655096e+14
683 1.668121e+14
684 1.670048e+14
685 1.680684e+14
686 1.685936e+14
687 1.689515e+14
688 1.695193e+14
689 1.696923e+14
690 1.734729e+14
691 1.746687e+14
692 1.752433e+14
693 1.753068e+14
694 1.763952e+14
695 1.770720e+14
696 1.773717e+14
697 1.775420e+14
698 1.782146e+14
699 1.782429e+14
700 1.789419e+14
701 1.790590e+14
702 1.805849e+14
703 1.806794e+14
704 1.807618e+14
705 1.811520e+14
706 1.824101e+14
707 1.839682e+14
708 1.854619e+14
709 1.855147e+14
710 1.856076e+14
711 1.875484e+14
712 1.897154e+14
713 1.923556e+14
714 1.932002e+14
715 1.934556e+14
716 1.943624e+14
717 1.956549e+14
718 1.976338e+14
719 1.986143e+14
720 1.986282e+14
721 1.996867e+14
722 2.007518e+14
723 2.034531e+14
724 2.048372e+14
725 2.054197e+14
726 2.060987e+14
727 2.063297e+14
728 2.074882e+14
729 2.077990e+14
730 2.085808e+14
731 2.088081e+14
732 2.099490e+14
733 2.104129e+14
734 2.106119e+14
735 2.116138e+14
736 2.131129e+14
737 2.132034e+14
738 2.136421e+14
739 2.154504e+14
740 2.156237e+14
741 2.170421e+14
742 2.195936e+14
743 2.205176e+14
744 2.248115e+14
745 2.253614e+14
746 2.264745e+14
747 2.264858e+14
748 2.275063e+14
749 2.280157e+14
750 2.291465e+14
751 2.298648e+14
752 2.306655e+14
753 2.306858e+14
754 2.345487e+14
755 2.356039e+14
756 2.362083e+14
757 2.362294e+14
758 2.366090e+14
759 2.369779e+14
760 2.373031e+14
761 2.380067e+14
762 2.394793e+14
763 2.398009e+14
764 2.399409e+14
765 2.414452e+14
766 2.428476e+14
767 2.438100e+14
768 2.441214e+14
769 2.442282e+14
770 2.501229e+14
771 2.527365e+14
772 2.530811e+14
773 2.580253e+14
774 2.587514e+14
775 2.590816e+14
776 2.612590e+14
777 2.615336e+14
778 2.628301e+14
779 2.637981e+14
780 2.639445e+14
781 2.642202e+14
782 2.692947e+14
783 2.713789e+14
784 2.715114e+14
785 2.725885e+14
786 2.727692e+14
787 2.730198e+14
788 2.730732e+14
789 2.731005e+14
790 2.767244e+14
791 2.778092e+14
792 2.785256e+14
793 2.827259e+14
794 2.860054e+14
795 2.867063e+14
796 2.901168e+14
797 2.915756e+14
798 2.952451e+14
799 2.984128e+14
800 2.999776e+14
801 3.007274e+14
802 3.011418e+14
803 3.025606e+14
804 3.027619e+14
805 3.042800e+14
806 3.046653e+14
807 3.090572e+14
808 3.104894e+14
809 3.106437e+14
810 3.131570e+14
811 3.172406e+14
812 3.175000e+14
813 3.180703e+14
814 3.184685e+14
815 3.209615e+14
816 3.213981e+14
817 3.215920e+14
818 3.219836e+14
819 3.220381e+14
820 3.249970e+14
821 3.251154e+14
822 3.252166e+14
823 3.259156e+14
824 3.272082e+14
825 3.273997e+14
826 3.275283e+14
827 3.294713e+14
828 3.316570e+14
829 3.317675e+14
830 3.324015e+14
831 3.346238e+14
832 3.346305e+14
833 3.347443e+14
834 3.349966e+14
835 3.365195e+14
836 3.374942e+14
837 3.423389e+14
838 3.441090e+14
839 3.463685e+14
840 3.492772e+14
841 3.501614e+14
842 3.503156e+14
843 3.508623e+14
844 3.516982e+14
845 3.611578e+14
846 3.639687e+14
847 3.644622e+14
848 3.649464e+14
849 3.665654e+14
850 3.672583e+14
851 3.733401e+14
852 3.734251e+14
853 3.742569e+14
854 3.851753e+14
855 3.873647e+14
856 3.951885e+14
857 3.955738e+14
858 3.970767e+14
859 3.977259e+14
860 3.995826e+14
861 4.065058e+14
862 4.078440e+14
863 4.116630e+14
864 4.242021e+14
865 4.326257e+14
866 4.356441e+14
867 4.371652e+14
868 4.373850e+14
869 4.429467e+14
870 4.437795e+14
871 4.445235e+14
872 4.451581e+14
873 4.491801e+14
874 4.495222e+14
875 4.526081e+14
876 4.629285e+14
877 4.631969e+14
878 4.722208e+14
879 4.761738e+14
880 4.770894e+14
881 4.777911e+14
882 4.780370e+14
883 4.873520e+14
884 4.892578e+14
885 4.900430e+14
886 5.038735e+14
887 5.142734e+14
888 5.179090e+14
889 5.190635e+14
890 5.200204e+14
891 5.214478e+14
892 5.233560e+14
893 5.351125e+14
894 5.377227e+14
895 5.381060e+14
896 5.460426e+14
897 5.467754e+14
898 5.599648e+14
899 5.610862e+14
900 5.668110e+14
901 5.767759e+14
902 5.876761e+14
903 5.893873e+14
904 5.980315e+14
905 6.096001e+14
906 6.133298e+14
907 6.149255e+14
908 6.163102e+14
909 6.204205e+14
910 6.259956e+14
911 6.291948e+14
912 6.384284e+14
913 6.420226e+14
914 6.585873e+14
915 6.592061e+14
916 6.637467e+14
917 6.665676e+14
918 6.788121e+14
919 6.825441e+14
920 7.014512e+14
921 7.046716e+14
922 7.047407e+14
923 7.136637e+14
924 7.271385e+14
925 7.645882e+14
926 7.807574e+14
927 7.822542e+14
928 7.822977e+14
929 7.858286e+14
930 7.966425e+14
931 8.356601e+14
932 8.365794e+14
933 8.472288e+14
934 8.561692e+14
935 8.583855e+14
936 8.608728e+14
937 8.645503e+14
938 8.689406e+14
939 8.944038e+14
940 8.995621e+14
941 9.065808e+14
942 9.118761e+14
943 9.237569e+14
944 9.271616e+14
945 9.358045e+14
946 9.375343e+14
947 9.502742e+14
948 9.683292e+14
949 9.735123e+14
950 1.023995e+15
951 1.032187e+15
952 1.054294e+15
953 1.062070e+15
954 1.083197e+15
955 1.093683e+15
956 1.125978e+15
957 1.130432e+15
958 1.132289e+15
959 1.141043e+15
960 1.218031e+15
961 1.220817e+15
962 1.227113e+15
963 1.261485e+15
964 1.297271e+15
965 1.358776e+15
966 1.369329e+15
967 1.372278e+15
968 1.417153e+15
969 1.429025e+15
970 1.434998e+15
971 1.453513e+15
972 1.616118e+15
973 1.633547e+15
974 1.642227e+15
975 1.650243e+15
976 1.654959e+15
977 1.682119e+15
978 1.711666e+15
979 1.729005e+15
980 1.737545e+15
981 1.740688e+15
982 1.749373e+15
983 1.812215e+15
984 1.909440e+15
985 2.119485e+15
986 2.160087e+15
987 2.213125e+15
988 2.335431e+15
989 2.518243e+15
990 2.680912e+15
991 2.699921e+15
992 2.809182e+15
993 2.981343e+15
994 3.272638e+15
995 3.666541e+15
996 5.025336e+15
997 5.775736e+15
998 6.095165e+15
999 7.559785e+15
1000 2.157530e+16
