# Mean mass (g): 7.08e+15
1 4.733065e+15
2 5.241969e+15
3 5.269727e+15
4 5.353003e+15
5 5.399267e+15
6 5.445530e+15
7 5.445530e+15
8 5.464036e+15
9 5.547311e+15
10 5.575070e+15
11 5.602828e+15
12 5.639839e+15
13 5.649092e+15
14 5.649092e+15
15 5.676850e+15
16 5.686103e+15
17 5.695356e+15
18 5.723114e+15
19 5.732367e+15
20 5.741620e+15
21 5.778631e+15
22 5.778631e+15
23 5.787884e+15
24 5.787884e+15
25 5.797137e+15
26 5.806389e+15
27 5.806389e+15
28 5.843401e+15
29 5.852653e+15
30 5.861906e+15
31 5.871159e+15
32 5.880412e+15
33 5.880412e+15
34 5.880412e+15
35 5.880412e+15
36 5.889665e+15
37 5.889665e+15
38 5.908170e+15
39 5.917423e+15
40 5.917423e+15
41 5.926676e+15
42 5.926676e+15
43 5.926676e+15
44 5.935929e+15
45 5.935929e+15
46 5.935929e+15
47 5.945181e+15
48 5.945181e+15
49 5.954434e+15
50 5.954434e+15
51 5.954434e+15
52 5.954434e+15
53 5.954434e+15
54 5.972940e+15
55 5.972940e+15
56 5.972940e+15
57 5.982193e+15
58 5.982193e+15
59 5.991445e+15
60 5.991445e+15
61 6.009951e+15
62 6.019204e+15
63 6.019204e+15
64 6.019204e+15
65 6.037709e+15
66 6.046962e+15
67 6.046962e+15
68 6.046962e+15
69 6.056215e+15
70 6.056215e+15
71 6.065468e+15
72 6.065468e+15
73 6.065468e+15
74 6.074721e+15
75 6.074721e+15
76 6.074721e+15
77 6.074721e+15
78 6.083973e+15
79 6.083973e+15
80 6.093226e+15
81 6.093226e+15
82 6.093226e+15
83 6.111732e+15
84 6.120984e+15
85 6.130237e+15
86 6.130237e+15
87 6.130237e+15
88 6.130237e+15
89 6.130237e+15
90 6.130237e+15
91 6.139490e+15
92 6.139490e+15
93 6.139490e+15
94 6.148743e+15
95 6.148743e+15
96 6.148743e+15
97 6.148743e+15
98 6.157996e+15
99 6.157996e+15
100 6.157996e+15
101 6.157996e+15
102 6.167248e+15
103 6.167248e+15
104 6.167248e+15
105 6.176501e+15
106 6.176501e+15
107 6.185754e+15
108 6.185754e+15
109 6.195007e+15
110 6.195007e+15
111 6.204260e+15
112 6.204260e+15
113 6.213512e+15
114 6.222765e+15
115 6.222765e+15
116 6.222765e+15
117 6.232018e+15
118 6.241271e+15
119 6.241271e+15
120 6.241271e+15
121 6.241271e+15
122 6.250524e+15
123 6.250524e+15
124 6.250524e+15
125 6.259776e+15
126 6.259776e+15
127 6.269029e+15
128 6.278282e+15
129 6.278282e+15
130 6.278282e+15
131 6.278282e+15
132 6.278282e+15
133 6.278282e+15
134 6.287535e+15
135 6.287535e+15
136 6.296788e+15
137 6.296788e+15
138 6.296788e+15
139 6.296788e+15
140 6.306040e+15
141 6.306040e+15
142 6.306040e+15
143 6.306040e+15
144 6.306040e+15
145 6.315293e+15
146 6.324546e+15
147 6.324546e+15
148 6.333799e+15
149 6.333799e+15
150 6.333799e+15
151 6.333799e+15
152 6.333799e+15
153 6.343052e+15
154 6.343052e+15
155 6.343052e+15
156 6.343052e+15
157 6.352304e+15
158 6.352304e+15
159 6.352304e+15
160 6.352304e+15
161 6.361557e+15
162 6.361557e+15
163 6.361557e+15
164 6.361557e+15
165 6.361557e+15
166 6.370810e+15
167 6.370810e+15
168 6.370810e+15
169 6.370810e+15
170 6.380063e+15
171 6.380063e+15
172 6.380063e+15
173 6.380063e+15
174 6.380063e+15
175 6.380063e+15
176 6.380063e+15
177 6.380063e+15
178 6.389316e+15
179 6.389316e+15
180 6.389316e+15
181 6.398568e+15
182 6.398568e+15
183 6.398568e+15
184 6.398568e+15
185 6.407821e+15
186 6.407821e+15
187 6.407821e+15
188 6.407821e+15
189 6.407821e+15
190 6.407821e+15
191 6.407821e+15
192 6.417074e+15
193 6.417074e+15
194 6.417074e+15
195 6.417074e+15
196 6.426327e+15
197 6.426327e+15
198 6.435580e+15
199 6.444832e+15
200 6.444832e+15
201 6.444832e+15
202 6.444832e+15
203 6.454085e+15
204 6.454085e+15
205 6.454085e+15
206 6.454085e+15
207 6.454085e+15
208 6.454085e+15
209 6.472591e+15
210 6.472591e+15
211 6.472591e+15
212 6.481843e+15
213 6.481843e+15
214 6.481843e+15
215 6.491096e+15
216 6.491096e+15
217 6.491096e+15
218 6.491096e+15
219 6.500349e+15
220 6.500349e+15
221 6.509602e+15
222 6.509602e+15
223 6.509602e+15
224 6.509602e+15
225 6.509602e+15
226 6.518855e+15
227 6.518855e+15
228 6.518855e+15
229 6.518855e+15
230 6.518855e+15
231 6.518855e+15
232 6.518855e+15
233 6.528107e+15
234 6.528107e+15
235 6.528107e+15
236 6.528107e+15
237 6.537360e+15
238 6.537360e+15
239 6.537360e+15
240 6.546613e+15
241 6.546613e+15
242 6.546613e+15
243 6.546613e+15
244 6.546613e+15
245 6.555866e+15
246 6.555866e+15
247 6.555866e+15
248 6.555866e+15
249 6.555866e+15
250 6.565119e+15
251 6.565119e+15
252 6.574371e+15
253 6.574371e+15
254 6.574371e+15
255 6.574371e+15
256 6.574371e+15
257 6.574371e+15
258 6.574371e+15
259 6.583624e+15
260 6.583624e+15
261 6.583624e+15
262 6.583624e+15
263 6.583624e+15
264 6.592877e+15
265 6.592877e+15
266 6.592877e+15
267 6.592877e+15
268 6.592877e+15
269 6.592877e+15
270 6.592877e+15
271 6.592877e+15
272 6.602130e+15
273 6.602130e+15
274 6.611383e+15
275 6.611383e+15
276 6.611383e+15
277 6.611383e+15
278 6.611383e+15
279 6.611383e+15
280 6.611383e+15
281 6.611383e+15
282 6.620635e+15
283 6.620635e+15
284 6.620635e+15
285 6.620635e+15
286 6.620635e+15
287 6.620635e+15
288 6.620635e+15
289 6.629888e+15
290 6.629888e+15
291 6.629888e+15
292 6.639141e+15
293 6.639141e+15
294 6.639141e+15
295 6.639141e+15
296 6.639141e+15
297 6.639141e+15
298 6.648394e+15
299 6.648394e+15
300 6.657647e+15
301 6.666899e+15
302 6.666899e+15
303 6.666899e+15
304 6.676152e+15
305 6.676152e+15
306 6.676152e+15
307 6.676152e+15
308 6.676152e+15
309 6.685405e+15
310 6.685405e+15
311 6.685405e+15
312 6.685405e+15
313 6.685405e+15
314 6.685405e+15
315 6.694658e+15
316 6.694658e+15
317 6.694658e+15
318 6.694658e+15
319 6.703911e+15
320 6.703911e+15
321 6.713163e+15
322 6.713163e+15
323 6.713163e+15
324 6.713163e+15
325 6.713163e+15
326 6.713163e+15
327 6.713163e+15
328 6.722416e+15
329 6.722416e+15
330 6.722416e+15
331 6.731669e+15
332 6.731669e+15
333 6.731669e+15
334 6.731669e+15
335 6.731669e+15
336 6.731669e+15
337 6.731669e+15
338 6.740922e+15
339 6.740922e+15
340 6.740922e+15
341 6.740922e+15
342 6.740922e+15
343 6.740922e+15
344 6.740922e+15
345 6.750175e+15
346 6.750175e+15
347 6.750175e+15
348 6.750175e+15
349 6.759427e+15
350 6.759427e+15
351 6.759427e+15
352 6.759427e+15
353 6.759427e+15
354 6.759427e+15
355 6.759427e+15
356 6.759427e+15
357 6.759427e+15
358 6.768680e+15
359 6.768680e+15
360 6.768680e+15
361 6.768680e+15
362 6.768680e+15
363 6.768680e+15
364 6.777933e+15
365 6.787186e+15
366 6.787186e+15
367 6.787186e+15
368 6.787186e+15
369 6.787186e+15
370 6.787186e+15
371 6.787186e+15
372 6.787186e+15
373 6.787186e+15
374 6.796439e+15
375 6.796439e+15
376 6.796439e+15
377 6.796439e+15
378 6.796439e+15
379 6.796439e+15
380 6.805691e+15
381 6.805691e+15
382 6.805691e+15
383 6.805691e+15
384 6.805691e+15
385 6.805691e+15
386 6.805691e+15
387 6.814944e+15
388 6.814944e+15
389 6.814944e+15
390 6.814944e+15
391 6.814944e+15
392 6.824197e+15
393 6.824197e+15
394 6.824197e+15
395 6.824197e+15
396 6.824197e+15
397 6.833450e+15
398 6.833450e+15
399 6.833450e+15
400 6.833450e+15
401 6.833450e+15
402 6.833450e+15
403 6.842702e+15
404 6.842702e+15
405 6.842702e+15
406 6.851955e+15
407 6.851955e+15
408 6.851955e+15
409 6.851955e+15
410 6.861208e+15
411 6.861208e+15
412 6.861208e+15
413 6.870461e+15
414 6.870461e+15
415 6.879714e+15
416 6.879714e+15
417 6.879714e+15
418 6.879714e+15
419 6.879714e+15
420 6.879714e+15
421 6.888966e+15
422 6.888966e+15
423 6.888966e+15
424 6.888966e+15
425 6.888966e+15
426 6.888966e+15
427 6.898219e+15
428 6.898219e+15
429 6.898219e+15
430 6.898219e+15
431 6.898219e+15
432 6.907472e+15
433 6.907472e+15
434 6.907472e+15
435 6.907472e+15
436 6.916725e+15
437 6.916725e+15
438 6.916725e+15
439 6.925978e+15
440 6.925978e+15
441 6.925978e+15
442 6.925978e+15
443 6.925978e+15
444 6.925978e+15
445 6.925978e+15
446 6.925978e+15
447 6.935230e+15
448 6.935230e+15
449 6.935230e+15
450 6.935230e+15
451 6.944483e+15
452 6.953736e+15
453 6.953736e+15
454 6.953736e+15
455 6.953736e+15
456 6.953736e+15
457 6.953736e+15
458 6.953736e+15
459 6.962989e+15
460 6.962989e+15
461 6.962989e+15
462 6.962989e+15
463 6.962989e+15
464 6.962989e+15
465 6.962989e+15
466 6.972242e+15
467 6.972242e+15
468 6.972242e+15
469 6.972242e+15
470 6.972242e+15
471 6.981494e+15
472 6.981494e+15
473 6.981494e+15
474 7.000000e+15
475 7.000000e+15
476 7.000000e+15
477 7.009253e+15
478 7.009253e+15
479 7.009253e+15
480 7.009253e+15
481 7.018506e+15
482 7.018506e+15
483 7.018506e+15
484 7.018506e+15
485 7.018506e+15
486 7.027758e+15
487 7.027758e+15
488 7.027758e+15
489 7.027758e+15
490 7.027758e+15
491 7.027758e+15
492 7.037011e+15
493 7.037011e+15
494 7.037011e+15
495 7.037011e+15
496 7.037011e+15
497 7.037011e+15
498 7.037011e+15
499 7.046264e+15
500 7.046264e+15
501 7.046264e+15
502 7.046264e+15
503 7.046264e+15
504 7.055517e+15
505 7.055517e+15
506 7.055517e+15
507 7.055517e+15
508 7.055517e+15
509 7.064770e+15
510 7.064770e+15
511 7.064770e+15
512 7.074022e+15
513 7.074022e+15
514 7.074022e+15
515 7.074022e+15
516 7.074022e+15
517 7.074022e+15
518 7.083275e+15
519 7.083275e+15
520 7.083275e+15
521 7.083275e+15
522 7.092528e+15
523 7.092528e+15
524 7.092528e+15
525 7.092528e+15
526 7.092528e+15
527 7.101781e+15
528 7.111034e+15
529 7.111034e+15
530 7.111034e+15
531 7.111034e+15
532 7.111034e+15
533 7.111034e+15
534 7.120286e+15
535 7.120286e+15
536 7.120286e+15
537 7.120286e+15
538 7.120286e+15
539 7.129539e+15
540 7.129539e+15
541 7.129539e+15
542 7.129539e+15
543 7.129539e+15
544 7.138792e+15
545 7.138792e+15
546 7.138792e+15
547 7.148045e+15
548 7.148045e+15
549 7.148045e+15
550 7.148045e+15
551 7.148045e+15
552 7.148045e+15
553 7.148045e+15
554 7.157298e+15
555 7.157298e+15
556 7.157298e+15
557 7.157298e+15
558 7.157298e+15
559 7.157298e+15
560 7.166550e+15
561 7.166550e+15
562 7.166550e+15
563 7.166550e+15
564 7.166550e+15
565 7.166550e+15
566 7.166550e+15
567 7.166550e+15
568 7.166550e+15
569 7.175803e+15
570 7.175803e+15
571 7.175803e+15
572 7.175803e+15
573 7.185056e+15
574 7.185056e+15
575 7.185056e+15
576 7.185056e+15
577 7.185056e+15
578 7.185056e+15
579 7.185056e+15
580 7.194309e+15
581 7.194309e+15
582 7.194309e+15
583 7.194309e+15
584 7.203561e+15
585 7.203561e+15
586 7.203561e+15
587 7.222067e+15
588 7.222067e+15
589 7.222067e+15
590 7.222067e+15
591 7.222067e+15
592 7.222067e+15
593 7.231320e+15
594 7.231320e+15
595 7.231320e+15
596 7.231320e+15
597 7.231320e+15
598 7.240573e+15
599 7.240573e+15
600 7.240573e+15
601 7.240573e+15
602 7.240573e+15
603 7.240573e+15
604 7.240573e+15
605 7.249825e+15
606 7.249825e+15
607 7.249825e+15
608 7.249825e+15
609 7.249825e+15
610 7.259078e+15
611 7.259078e+15
612 7.259078e+15
613 7.259078e+15
614 7.259078e+15
615 7.259078e+15
616 7.268331e+15
617 7.268331e+15
618 7.277584e+15
619 7.277584e+15
620 7.286837e+15
621 7.286837e+15
622 7.286837e+15
623 7.286837e+15
624 7.296089e+15
625 7.296089e+15
626 7.296089e+15
627 7.296089e+15
628 7.296089e+15
629 7.296089e+15
630 7.305342e+15
631 7.305342e+15
632 7.305342e+15
633 7.305342e+15
634 7.305342e+15
635 7.305342e+15
636 7.305342e+15
637 7.305342e+15
638 7.314595e+15
639 7.314595e+15
640 7.314595e+15
641 7.314595e+15
642 7.323848e+15
643 7.323848e+15
644 7.323848e+15
645 7.323848e+15
646 7.323848e+15
647 7.323848e+15
648 7.333101e+15
649 7.333101e+15
650 7.342353e+15
651 7.342353e+15
652 7.351606e+15
653 7.351606e+15
654 7.351606e+15
655 7.351606e+15
656 7.351606e+15
657 7.351606e+15
658 7.351606e+15
659 7.351606e+15
660 7.360859e+15
661 7.360859e+15
662 7.360859e+15
663 7.360859e+15
664 7.360859e+15
665 7.360859e+15
666 7.360859e+15
667 7.370112e+15
668 7.370112e+15
669 7.379365e+15
670 7.379365e+15
671 7.379365e+15
672 7.379365e+15
673 7.379365e+15
674 7.388617e+15
675 7.388617e+15
676 7.397870e+15
677 7.397870e+15
678 7.397870e+15
679 7.397870e+15
680 7.397870e+15
681 7.397870e+15
682 7.407123e+15
683 7.407123e+15
684 7.407123e+15
685 7.407123e+15
686 7.407123e+15
687 7.407123e+15
688 7.407123e+15
689 7.407123e+15
690 7.407123e+15
691 7.407123e+15
692 7.416376e+15
693 7.416376e+15
694 7.416376e+15
695 7.425629e+15
696 7.425629e+15
697 7.425629e+15
698 7.425629e+15
699 7.425629e+15
700 7.434881e+15
701 7.434881e+15
702 7.434881e+15
703 7.444134e+15
704 7.453387e+15
705 7.453387e+15
706 7.462640e+15
707 7.462640e+15
708 7.462640e+15
709 7.462640e+15
710 7.471893e+15
711 7.471893e+15
712 7.471893e+15
713 7.471893e+15
714 7.481145e+15
715 7.481145e+15
716 7.481145e+15
717 7.481145e+15
718 7.490398e+15
719 7.490398e+15
720 7.490398e+15
721 7.490398e+15
722 7.490398e+15
723 7.490398e+15
724 7.490398e+15
725 7.490398e+15
726 7.499651e+15
727 7.499651e+15
728 7.508904e+15
729 7.508904e+15
730 7.508904e+15
731 7.508904e+15
732 7.518157e+15
733 7.518157e+15
734 7.518157e+15
735 7.518157e+15
736 7.518157e+15
737 7.518157e+15
738 7.518157e+15
739 7.527409e+15
740 7.527409e+15
741 7.527409e+15
742 7.527409e+15
743 7.527409e+15
744 7.527409e+15
745 7.536662e+15
746 7.545915e+15
747 7.545915e+15
748 7.545915e+15
749 7.545915e+15
750 7.555168e+15
751 7.564420e+15
752 7.564420e+15
753 7.564420e+15
754 7.564420e+15
755 7.573673e+15
756 7.573673e+15
757 7.573673e+15
758 7.573673e+15
759 7.573673e+15
760 7.573673e+15
761 7.573673e+15
762 7.582926e+15
763 7.582926e+15
764 7.582926e+15
765 7.582926e+15
766 7.592179e+15
767 7.592179e+15
768 7.592179e+15
769 7.592179e+15
770 7.592179e+15
771 7.601432e+15
772 7.601432e+15
773 7.601432e+15
774 7.601432e+15
775 7.601432e+15
776 7.619937e+15
777 7.619937e+15
778 7.619937e+15
779 7.619937e+15
780 7.619937e+15
781 7.619937e+15
782 7.629190e+15
783 7.629190e+15
784 7.629190e+15
785 7.629190e+15
786 7.629190e+15
787 7.638443e+15
788 7.638443e+15
789 7.638443e+15
790 7.647696e+15
791 7.647696e+15
792 7.647696e+15
793 7.647696e+15
794 7.656948e+15
795 7.656948e+15
796 7.656948e+15
797 7.656948e+15
798 7.666201e+15
799 7.675454e+15
800 7.675454e+15
801 7.684707e+15
802 7.684707e+15
803 7.684707e+15
804 7.684707e+15
805 7.684707e+15
806 7.684707e+15
807 7.693960e+15
808 7.693960e+15
809 7.693960e+15
810 7.703212e+15
811 7.703212e+15
812 7.712465e+15
813 7.712465e+15
814 7.712465e+15
815 7.721718e+15
816 7.721718e+15
817 7.721718e+15
818 7.721718e+15
819 7.730971e+15
820 7.730971e+15
821 7.740224e+15
822 7.740224e+15
823 7.740224e+15
824 7.740224e+15
825 7.740224e+15
826 7.749476e+15
827 7.749476e+15
828 7.749476e+15
829 7.758729e+15
830 7.758729e+15
831 7.758729e+15
832 7.758729e+15
833 7.767982e+15
834 7.767982e+15
835 7.767982e+15
836 7.767982e+15
837 7.767982e+15
838 7.767982e+15
839 7.777235e+15
840 7.777235e+15
841 7.777235e+15
842 7.777235e+15
843 7.777235e+15
844 7.795740e+15
845 7.795740e+15
846 7.795740e+15
847 7.795740e+15
848 7.795740e+15
849 7.804993e+15
850 7.804993e+15
851 7.814246e+15
852 7.814246e+15
853 7.814246e+15
854 7.823499e+15
855 7.823499e+15
856 7.832752e+15
857 7.832752e+15
858 7.832752e+15
859 7.832752e+15
860 7.832752e+15
861 7.842004e+15
862 7.851257e+15
863 7.851257e+15
864 7.851257e+15
865 7.851257e+15
866 7.860510e+15
867 7.860510e+15
868 7.860510e+15
869 7.869763e+15
870 7.869763e+15
871 7.869763e+15
872 7.879016e+15
873 7.897521e+15
874 7.897521e+15
875 7.906774e+15
876 7.916027e+15
877 7.916027e+15
878 7.925279e+15
879 7.925279e+15
880 7.925279e+15
881 7.934532e+15
882 7.934532e+15
883 7.934532e+15
884 7.943785e+15
885 7.943785e+15
886 7.953038e+15
887 7.962291e+15
888 7.971543e+15
889 7.980796e+15
890 7.980796e+15
891 7.980796e+15
892 7.980796e+15
893 7.990049e+15
894 7.999302e+15
895 7.999302e+15
896 8.008555e+15
897 8.008555e+15
898 8.008555e+15
899 8.008555e+15
900 8.017807e+15
901 8.017807e+15
902 8.017807e+15
903 8.017807e+15
904 8.017807e+15
905 8.017807e+15
906 8.027060e+15
907 8.027060e+15
908 8.036313e+15
909 8.045566e+15
910 8.054819e+15
911 8.054819e+15
912 8.054819e+15
913 8.073324e+15
914 8.091830e+15
915 8.091830e+15
916 8.091830e+15
917 8.101083e+15
918 8.101083e+15
919 8.110335e+15
920 8.138094e+15
921 8.138094e+15
922 8.138094e+15
923 8.138094e+15
924 8.147347e+15
925 8.156599e+15
926 8.165852e+15
927 8.175105e+15
928 8.175105e+15
929 8.175105e+15
930 8.175105e+15
931 8.175105e+15
932 8.184358e+15
933 8.193611e+15
934 8.193611e+15
935 8.212116e+15
936 8.221369e+15
937 8.221369e+15
938 8.230622e+15
939 8.230622e+15
940 8.249127e+15
941 8.258380e+15
942 8.276886e+15
943 8.286138e+15
944 8.295391e+15
945 8.295391e+15
946 8.332402e+15
947 8.332402e+15
948 8.341655e+15
949 8.341655e+15
950 8.350908e+15
951 8.369414e+15
952 8.378666e+15
953 8.378666e+15
954 8.387919e+15
955 8.406425e+15
956 8.415678e+15
957 8.415678e+15
958 8.424930e+15
959 8.424930e+15
960 8.424930e+15
961 8.424930e+15
962 8.452689e+15
963 8.471194e+15
964 8.471194e+15
965 8.489700e+15
966 8.498953e+15
967 8.508206e+15
968 8.508206e+15
969 8.508206e+15
970 8.517458e+15
971 8.563722e+15
972 8.572975e+15
973 8.572975e+15
974 8.582228e+15
975 8.591481e+15
976 8.600733e+15
977 8.600733e+15
978 8.637745e+15
979 8.684009e+15
980 8.730273e+15
981 8.748778e+15
982 8.804295e+15
983 8.804295e+15
984 8.841306e+15
985 8.915329e+15
986 8.915329e+15
987 8.961592e+15
988 8.989351e+15
989 9.026362e+15
990 9.100384e+15
991 9.146648e+15
992 9.183660e+15
993 9.322451e+15
994 9.414979e+15
995 9.507507e+15
996 9.544519e+15
997 9.674058e+15
998 9.766586e+15
999 1.006268e+16
1000 1.012744e+16
