# Mean mass (g): 5.10e+14
1 6.818301e+13
2 8.071012e+13
3 8.439457e+13
4 9.839546e+13
5 1.212390e+14
6 1.286079e+14
7 1.315555e+14
8 1.337661e+14
9 1.345030e+14
10 1.396612e+14
11 1.403981e+14
12 1.426088e+14
13 1.433457e+14
14 1.448195e+14
15 1.462932e+14
16 1.470301e+14
17 1.543990e+14
18 1.610310e+14
19 1.683999e+14
20 1.706106e+14
21 1.713475e+14
22 1.750319e+14
23 1.809270e+14
24 1.831377e+14
25 1.919804e+14
26 1.956648e+14
27 1.956648e+14
28 2.015599e+14
29 2.030337e+14
30 2.037706e+14
31 2.059813e+14
32 2.096657e+14
33 2.104026e+14
34 2.111395e+14
35 2.214559e+14
36 2.214559e+14
37 2.221928e+14
38 2.229297e+14
39 2.236666e+14
40 2.251404e+14
41 2.266142e+14
42 2.266142e+14
43 2.288248e+14
44 2.295617e+14
45 2.317724e+14
46 2.325093e+14
47 2.339830e+14
48 2.354568e+14
49 2.376675e+14
50 2.384044e+14
51 2.398782e+14
52 2.420888e+14
53 2.420888e+14
54 2.435626e+14
55 2.450364e+14
56 2.457733e+14
57 2.465102e+14
58 2.465102e+14
59 2.487208e+14
60 2.487208e+14
61 2.494577e+14
62 2.501946e+14
63 2.509315e+14
64 2.553528e+14
65 2.553528e+14
66 2.597742e+14
67 2.605111e+14
68 2.605111e+14
69 2.612479e+14
70 2.649324e+14
71 2.664062e+14
72 2.664062e+14
73 2.678799e+14
74 2.678799e+14
75 2.700906e+14
76 2.708275e+14
77 2.723013e+14
78 2.737751e+14
79 2.752488e+14
80 2.759857e+14
81 2.759857e+14
82 2.781964e+14
83 2.796702e+14
84 2.796702e+14
85 2.818808e+14
86 2.818808e+14
87 2.818808e+14
88 2.833546e+14
89 2.840915e+14
90 2.840915e+14
91 2.855653e+14
92 2.892497e+14
93 2.929342e+14
94 2.929342e+14
95 2.936711e+14
96 2.936711e+14
97 2.973555e+14
98 2.980924e+14
99 2.995662e+14
100 3.003031e+14
101 3.010400e+14
102 3.039875e+14
103 3.069351e+14
104 3.069351e+14
105 3.084088e+14
106 3.091457e+14
107 3.091457e+14
108 3.106195e+14
109 3.106195e+14
110 3.113564e+14
111 3.113564e+14
112 3.120933e+14
113 3.135671e+14
114 3.150408e+14
115 3.157777e+14
116 3.165146e+14
117 3.165146e+14
118 3.165146e+14
119 3.165146e+14
120 3.187253e+14
121 3.187253e+14
122 3.194622e+14
123 3.194622e+14
124 3.194622e+14
125 3.209360e+14
126 3.216728e+14
127 3.238835e+14
128 3.238835e+14
129 3.238835e+14
130 3.238835e+14
131 3.246204e+14
132 3.260942e+14
133 3.260942e+14
134 3.268311e+14
135 3.275680e+14
136 3.319893e+14
137 3.319893e+14
138 3.334631e+14
139 3.342000e+14
140 3.342000e+14
141 3.349368e+14
142 3.371475e+14
143 3.371475e+14
144 3.378844e+14
145 3.378844e+14
146 3.386213e+14
147 3.386213e+14
148 3.400951e+14
149 3.430426e+14
150 3.437795e+14
151 3.445164e+14
152 3.459902e+14
153 3.474640e+14
154 3.474640e+14
155 3.474640e+14
156 3.482009e+14
157 3.489377e+14
158 3.489377e+14
159 3.496746e+14
160 3.496746e+14
161 3.518853e+14
162 3.518853e+14
163 3.540960e+14
164 3.540960e+14
165 3.548329e+14
166 3.548329e+14
167 3.555697e+14
168 3.563066e+14
169 3.563066e+14
170 3.570435e+14
171 3.577804e+14
172 3.585173e+14
173 3.592542e+14
174 3.592542e+14
175 3.592542e+14
176 3.599911e+14
177 3.614649e+14
178 3.622017e+14
179 3.622017e+14
180 3.622017e+14
181 3.629386e+14
182 3.636755e+14
183 3.636755e+14
184 3.644124e+14
185 3.658862e+14
186 3.658862e+14
187 3.666231e+14
188 3.666231e+14
189 3.680969e+14
190 3.680969e+14
191 3.680969e+14
192 3.710444e+14
193 3.710444e+14
194 3.710444e+14
195 3.717813e+14
196 3.717813e+14
197 3.725182e+14
198 3.732551e+14
199 3.732551e+14
200 3.732551e+14
201 3.732551e+14
202 3.739920e+14
203 3.747289e+14
204 3.747289e+14
205 3.769395e+14
206 3.769395e+14
207 3.776764e+14
208 3.776764e+14
209 3.784133e+14
210 3.784133e+14
211 3.791502e+14
212 3.798871e+14
213 3.806240e+14
214 3.806240e+14
215 3.820977e+14
216 3.820977e+14
217 3.828346e+14
218 3.828346e+14
219 3.850453e+14
220 3.850453e+14
221 3.865191e+14
222 3.865191e+14
223 3.865191e+14
224 3.865191e+14
225 3.872560e+14
226 3.879929e+14
227 3.879929e+14
228 3.887298e+14
229 3.887298e+14
230 3.894666e+14
231 3.894666e+14
232 3.902035e+14
233 3.909404e+14
234 3.909404e+14
235 3.909404e+14
236 3.909404e+14
237 3.916773e+14
238 3.916773e+14
239 3.916773e+14
240 3.924142e+14
241 3.931511e+14
242 3.931511e+14
243 3.931511e+14
244 3.946249e+14
245 3.946249e+14
246 3.946249e+14
247 3.960986e+14
248 3.960986e+14
249 3.960986e+14
250 3.968355e+14
251 3.968355e+14
252 3.975724e+14
253 3.983093e+14
254 3.983093e+14
255 3.990462e+14
256 3.997831e+14
257 4.005200e+14
258 4.005200e+14
259 4.005200e+14
260 4.012569e+14
261 4.012569e+14
262 4.012569e+14
263 4.012569e+14
264 4.019938e+14
265 4.019938e+14
266 4.027306e+14
267 4.034675e+14
268 4.034675e+14
269 4.042044e+14
270 4.042044e+14
271 4.049413e+14
272 4.049413e+14
273 4.056782e+14
274 4.056782e+14
275 4.056782e+14
276 4.056782e+14
277 4.056782e+14
278 4.056782e+14
279 4.056782e+14
280 4.071520e+14
281 4.078889e+14
282 4.086258e+14
283 4.093626e+14
284 4.093626e+14
285 4.100995e+14
286 4.100995e+14
287 4.108364e+14
288 4.108364e+14
289 4.115733e+14
290 4.115733e+14
291 4.123102e+14
292 4.130471e+14
293 4.130471e+14
294 4.137840e+14
295 4.137840e+14
296 4.137840e+14
297 4.145209e+14
298 4.145209e+14
299 4.145209e+14
300 4.145209e+14
301 4.152578e+14
302 4.152578e+14
303 4.152578e+14
304 4.152578e+14
305 4.152578e+14
306 4.159946e+14
307 4.174684e+14
308 4.182053e+14
309 4.182053e+14
310 4.189422e+14
311 4.196791e+14
312 4.204160e+14
313 4.204160e+14
314 4.204160e+14
315 4.211529e+14
316 4.211529e+14
317 4.218898e+14
318 4.226266e+14
319 4.233635e+14
320 4.241004e+14
321 4.248373e+14
322 4.248373e+14
323 4.248373e+14
324 4.248373e+14
325 4.255742e+14
326 4.255742e+14
327 4.263111e+14
328 4.263111e+14
329 4.277849e+14
330 4.277849e+14
331 4.277849e+14
332 4.277849e+14
333 4.285218e+14
334 4.292586e+14
335 4.299955e+14
336 4.299955e+14
337 4.299955e+14
338 4.314693e+14
339 4.314693e+14
340 4.314693e+14
341 4.314693e+14
342 4.314693e+14
343 4.322062e+14
344 4.329431e+14
345 4.336800e+14
346 4.336800e+14
347 4.344169e+14
348 4.351538e+14
349 4.351538e+14
350 4.358907e+14
351 4.358907e+14
352 4.358907e+14
353 4.366275e+14
354 4.366275e+14
355 4.373644e+14
356 4.381013e+14
357 4.381013e+14
358 4.381013e+14
359 4.381013e+14
360 4.388382e+14
361 4.395751e+14
362 4.403120e+14
363 4.403120e+14
364 4.410489e+14
365 4.410489e+14
366 4.425227e+14
367 4.425227e+14
368 4.439964e+14
369 4.439964e+14
370 4.447333e+14
371 4.447333e+14
372 4.454702e+14
373 4.469440e+14
374 4.476809e+14
375 4.476809e+14
376 4.476809e+14
377 4.484178e+14
378 4.491547e+14
379 4.498915e+14
380 4.498915e+14
381 4.506284e+14
382 4.513653e+14
383 4.513653e+14
384 4.521022e+14
385 4.528391e+14
386 4.535760e+14
387 4.535760e+14
388 4.543129e+14
389 4.550498e+14
390 4.557867e+14
391 4.565235e+14
392 4.572604e+14
393 4.572604e+14
394 4.587342e+14
395 4.587342e+14
396 4.587342e+14
397 4.594711e+14
398 4.602080e+14
399 4.602080e+14
400 4.602080e+14
401 4.602080e+14
402 4.616818e+14
403 4.616818e+14
404 4.616818e+14
405 4.624187e+14
406 4.624187e+14
407 4.631555e+14
408 4.638924e+14
409 4.646293e+14
410 4.661031e+14
411 4.661031e+14
412 4.661031e+14
413 4.675769e+14
414 4.675769e+14
415 4.683138e+14
416 4.690507e+14
417 4.697875e+14
418 4.705244e+14
419 4.705244e+14
420 4.712613e+14
421 4.712613e+14
422 4.719982e+14
423 4.727351e+14
424 4.727351e+14
425 4.727351e+14
426 4.727351e+14
427 4.734720e+14
428 4.742089e+14
429 4.749458e+14
430 4.749458e+14
431 4.764195e+14
432 4.771564e+14
433 4.771564e+14
434 4.771564e+14
435 4.771564e+14
436 4.786302e+14
437 4.786302e+14
438 4.808409e+14
439 4.808409e+14
440 4.823147e+14
441 4.823147e+14
442 4.830516e+14
443 4.830516e+14
444 4.830516e+14
445 4.830516e+14
446 4.837884e+14
447 4.837884e+14
448 4.845253e+14
449 4.852622e+14
450 4.859991e+14
451 4.882098e+14
452 4.882098e+14
453 4.889467e+14
454 4.889467e+14
455 4.896836e+14
456 4.896836e+14
457 4.896836e+14
458 4.896836e+14
459 4.904204e+14
460 4.904204e+14
461 4.904204e+14
462 4.904204e+14
463 4.904204e+14
464 4.911573e+14
465 4.911573e+14
466 4.911573e+14
467 4.911573e+14
468 4.918942e+14
469 4.918942e+14
470 4.918942e+14
471 4.926311e+14
472 4.926311e+14
473 4.926311e+14
474 4.926311e+14
475 4.933680e+14
476 4.941049e+14
477 4.948418e+14
478 4.948418e+14
479 4.970524e+14
480 4.977893e+14
481 4.977893e+14
482 4.977893e+14
483 4.985262e+14
484 4.992631e+14
485 5.000000e+14
486 5.000000e+14
487 5.007369e+14
488 5.014738e+14
489 5.014738e+14
490 5.014738e+14
491 5.022107e+14
492 5.029476e+14
493 5.029476e+14
494 5.036844e+14
495 5.044213e+14
496 5.044213e+14
497 5.058951e+14
498 5.058951e+14
499 5.066320e+14
500 5.066320e+14
501 5.066320e+14
502 5.066320e+14
503 5.066320e+14
504 5.073689e+14
505 5.073689e+14
506 5.073689e+14
507 5.081058e+14
508 5.088427e+14
509 5.088427e+14
510 5.088427e+14
511 5.095796e+14
512 5.095796e+14
513 5.103164e+14
514 5.103164e+14
515 5.110533e+14
516 5.117902e+14
517 5.125271e+14
518 5.125271e+14
519 5.125271e+14
520 5.132640e+14
521 5.132640e+14
522 5.132640e+14
523 5.140009e+14
524 5.140009e+14
525 5.147378e+14
526 5.147378e+14
527 5.147378e+14
528 5.147378e+14
529 5.154747e+14
530 5.162116e+14
531 5.162116e+14
532 5.176853e+14
533 5.184222e+14
534 5.184222e+14
535 5.191591e+14
536 5.198960e+14
537 5.206329e+14
538 5.206329e+14
539 5.213698e+14
540 5.221067e+14
541 5.221067e+14
542 5.228436e+14
543 5.235805e+14
544 5.235805e+14
545 5.243173e+14
546 5.243173e+14
547 5.243173e+14
548 5.243173e+14
549 5.243173e+14
550 5.257911e+14
551 5.265280e+14
552 5.265280e+14
553 5.265280e+14
554 5.272649e+14
555 5.272649e+14
556 5.272649e+14
557 5.280018e+14
558 5.280018e+14
559 5.287387e+14
560 5.294756e+14
561 5.294756e+14
562 5.302125e+14
563 5.302125e+14
564 5.302125e+14
565 5.302125e+14
566 5.302125e+14
567 5.309493e+14
568 5.309493e+14
569 5.309493e+14
570 5.324231e+14
571 5.331600e+14
572 5.331600e+14
573 5.331600e+14
574 5.338969e+14
575 5.338969e+14
576 5.346338e+14
577 5.346338e+14
578 5.353707e+14
579 5.353707e+14
580 5.361076e+14
581 5.361076e+14
582 5.368445e+14
583 5.368445e+14
584 5.375813e+14
585 5.375813e+14
586 5.375813e+14
587 5.383182e+14
588 5.383182e+14
589 5.390551e+14
590 5.397920e+14
591 5.405289e+14
592 5.412658e+14
593 5.420027e+14
594 5.420027e+14
595 5.427396e+14
596 5.427396e+14
597 5.427396e+14
598 5.427396e+14
599 5.434765e+14
600 5.434765e+14
601 5.449502e+14
602 5.449502e+14
603 5.456871e+14
604 5.464240e+14
605 5.486347e+14
606 5.493716e+14
607 5.493716e+14
608 5.493716e+14
609 5.501085e+14
610 5.501085e+14
611 5.523191e+14
612 5.523191e+14
613 5.537929e+14
614 5.537929e+14
615 5.537929e+14
616 5.545298e+14
617 5.552667e+14
618 5.552667e+14
619 5.560036e+14
620 5.560036e+14
621 5.560036e+14
622 5.567405e+14
623 5.574773e+14
624 5.596880e+14
625 5.604249e+14
626 5.611618e+14
627 5.611618e+14
628 5.611618e+14
629 5.611618e+14
630 5.611618e+14
631 5.618987e+14
632 5.626356e+14
633 5.626356e+14
634 5.633725e+14
635 5.633725e+14
636 5.648462e+14
637 5.648462e+14
638 5.655831e+14
639 5.655831e+14
640 5.663200e+14
641 5.663200e+14
642 5.670569e+14
643 5.685307e+14
644 5.685307e+14
645 5.714782e+14
646 5.714782e+14
647 5.714782e+14
648 5.729520e+14
649 5.729520e+14
650 5.729520e+14
651 5.736889e+14
652 5.744258e+14
653 5.751627e+14
654 5.751627e+14
655 5.766365e+14
656 5.781102e+14
657 5.781102e+14
658 5.788471e+14
659 5.795840e+14
660 5.795840e+14
661 5.795840e+14
662 5.803209e+14
663 5.810578e+14
664 5.810578e+14
665 5.817947e+14
666 5.825316e+14
667 5.825316e+14
668 5.832685e+14
669 5.832685e+14
670 5.840054e+14
671 5.840054e+14
672 5.847422e+14
673 5.854791e+14
674 5.854791e+14
675 5.862160e+14
676 5.862160e+14
677 5.876898e+14
678 5.876898e+14
679 5.884267e+14
680 5.884267e+14
681 5.899005e+14
682 5.899005e+14
683 5.899005e+14
684 5.899005e+14
685 5.928480e+14
686 5.928480e+14
687 5.928480e+14
688 5.935849e+14
689 5.943218e+14
690 5.943218e+14
691 5.950587e+14
692 5.950587e+14
693 5.965325e+14
694 5.965325e+14
695 5.972694e+14
696 5.980062e+14
697 5.987431e+14
698 5.987431e+14
699 5.987431e+14
700 5.994800e+14
701 6.002169e+14
702 6.002169e+14
703 6.009538e+14
704 6.009538e+14
705 6.009538e+14
706 6.016907e+14
707 6.016907e+14
708 6.031645e+14
709 6.031645e+14
710 6.031645e+14
711 6.031645e+14
712 6.039014e+14
713 6.046382e+14
714 6.046382e+14
715 6.053751e+14
716 6.061120e+14
717 6.061120e+14
718 6.061120e+14
719 6.068489e+14
720 6.068489e+14
721 6.075858e+14
722 6.075858e+14
723 6.083227e+14
724 6.083227e+14
725 6.090596e+14
726 6.090596e+14
727 6.112702e+14
728 6.120071e+14
729 6.120071e+14
730 6.127440e+14
731 6.142178e+14
732 6.149547e+14
733 6.149547e+14
734 6.149547e+14
735 6.149547e+14
736 6.156916e+14
737 6.171654e+14
738 6.179023e+14
739 6.186391e+14
740 6.186391e+14
741 6.193760e+14
742 6.193760e+14
743 6.193760e+14
744 6.201129e+14
745 6.201129e+14
746 6.208498e+14
747 6.223236e+14
748 6.223236e+14
749 6.230605e+14
750 6.230605e+14
751 6.230605e+14
752 6.237974e+14
753 6.237974e+14
754 6.245343e+14
755 6.245343e+14
756 6.245343e+14
757 6.260080e+14
758 6.260080e+14
759 6.260080e+14
760 6.267449e+14
761 6.267449e+14
762 6.274818e+14
763 6.274818e+14
764 6.282187e+14
765 6.282187e+14
766 6.311663e+14
767 6.311663e+14
768 6.319031e+14
769 6.333769e+14
770 6.333769e+14
771 6.341138e+14
772 6.348507e+14
773 6.355876e+14
774 6.355876e+14
775 6.363245e+14
776 6.370614e+14
777 6.377983e+14
778 6.385351e+14
779 6.392720e+14
780 6.392720e+14
781 6.400089e+14
782 6.400089e+14
783 6.407458e+14
784 6.414827e+14
785 6.414827e+14
786 6.422196e+14
787 6.429565e+14
788 6.436934e+14
789 6.451671e+14
790 6.451671e+14
791 6.459040e+14
792 6.459040e+14
793 6.459040e+14
794 6.466409e+14
795 6.466409e+14
796 6.473778e+14
797 6.481147e+14
798 6.488516e+14
799 6.488516e+14
800 6.510623e+14
801 6.510623e+14
802 6.517991e+14
803 6.532729e+14
804 6.532729e+14
805 6.540098e+14
806 6.547467e+14
807 6.547467e+14
808 6.584311e+14
809 6.584311e+14
810 6.599049e+14
811 6.599049e+14
812 6.613787e+14
813 6.621156e+14
814 6.621156e+14
815 6.628525e+14
816 6.635894e+14
817 6.635894e+14
818 6.643263e+14
819 6.658000e+14
820 6.658000e+14
821 6.672738e+14
822 6.680107e+14
823 6.680107e+14
824 6.687476e+14
825 6.709583e+14
826 6.709583e+14
827 6.724320e+14
828 6.731689e+14
829 6.731689e+14
830 6.731689e+14
831 6.739058e+14
832 6.746427e+14
833 6.753796e+14
834 6.753796e+14
835 6.753796e+14
836 6.768534e+14
837 6.768534e+14
838 6.768534e+14
839 6.775903e+14
840 6.783272e+14
841 6.783272e+14
842 6.783272e+14
843 6.805378e+14
844 6.805378e+14
845 6.812747e+14
846 6.820116e+14
847 6.827485e+14
848 6.827485e+14
849 6.842223e+14
850 6.864329e+14
851 6.864329e+14
852 6.864329e+14
853 6.871698e+14
854 6.871698e+14
855 6.879067e+14
856 6.886436e+14
857 6.886436e+14
858 6.886436e+14
859 6.901174e+14
860 6.908543e+14
861 6.908543e+14
862 6.930649e+14
863 6.938018e+14
864 6.938018e+14
865 6.945387e+14
866 6.945387e+14
867 6.945387e+14
868 6.952756e+14
869 6.960125e+14
870 6.967494e+14
871 6.967494e+14
872 6.982232e+14
873 6.989600e+14
874 7.004338e+14
875 7.011707e+14
876 7.026445e+14
877 7.033814e+14
878 7.041183e+14
879 7.048552e+14
880 7.055921e+14
881 7.055921e+14
882 7.063289e+14
883 7.078027e+14
884 7.078027e+14
885 7.100134e+14
886 7.114872e+14
887 7.129609e+14
888 7.151716e+14
889 7.173823e+14
890 7.218036e+14
891 7.232774e+14
892 7.240143e+14
893 7.247512e+14
894 7.247512e+14
895 7.254881e+14
896 7.269618e+14
897 7.269618e+14
898 7.276987e+14
899 7.276987e+14
900 7.276987e+14
901 7.284356e+14
902 7.343307e+14
903 7.343307e+14
904 7.358045e+14
905 7.358045e+14
906 7.358045e+14
907 7.365414e+14
908 7.372783e+14
909 7.394889e+14
910 7.394889e+14
911 7.409627e+14
912 7.416996e+14
913 7.424365e+14
914 7.439103e+14
915 7.439103e+14
916 7.446472e+14
917 7.453841e+14
918 7.461209e+14
919 7.483316e+14
920 7.490685e+14
921 7.505423e+14
922 7.512792e+14
923 7.527530e+14
924 7.527530e+14
925 7.542267e+14
926 7.564374e+14
927 7.579112e+14
928 7.579112e+14
929 7.593850e+14
930 7.593850e+14
931 7.623325e+14
932 7.623325e+14
933 7.645432e+14
934 7.645432e+14
935 7.682276e+14
936 7.689645e+14
937 7.711752e+14
938 7.733858e+14
939 7.755965e+14
940 7.770703e+14
941 7.778072e+14
942 7.785441e+14
943 7.792810e+14
944 7.822285e+14
945 7.822285e+14
946 7.829654e+14
947 7.829654e+14
948 7.851761e+14
949 7.859130e+14
950 7.859130e+14
951 7.881236e+14
952 7.881236e+14
953 7.888605e+14
954 7.903343e+14
955 7.918081e+14
956 7.962294e+14
957 7.962294e+14
958 8.013876e+14
959 8.021245e+14
960 8.035983e+14
961 8.050721e+14
962 8.065459e+14
963 8.102303e+14
964 8.102303e+14
965 8.124410e+14
966 8.131779e+14
967 8.139147e+14
968 8.146516e+14
969 8.168623e+14
970 8.198099e+14
971 8.234943e+14
972 8.242312e+14
973 8.271787e+14
974 8.308632e+14
975 8.367583e+14
976 8.389690e+14
977 8.500223e+14
978 8.522330e+14
979 8.522330e+14
980 8.573912e+14
981 8.625494e+14
982 8.632863e+14
983 8.647601e+14
984 8.684445e+14
985 8.691814e+14
986 8.743396e+14
987 8.876036e+14
988 9.008677e+14
989 9.045521e+14
990 9.222374e+14
991 9.266588e+14
992 9.281325e+14
993 9.296063e+14
994 9.362383e+14
995 9.391859e+14
996 9.436072e+14
997 9.539237e+14
998 9.959263e+14
999 1.002558e+15
1000 1.024665e+15
