# Mean mass (g): 4.81e+13
1 1.366333e+12
2 1.452966e+12
3 1.579989e+12
4 1.695326e+12
5 1.729047e+12
6 1.957636e+12
7 1.959791e+12
8 2.043672e+12
9 2.055532e+12
10 2.183538e+12
11 2.311286e+12
12 2.416203e+12
13 2.530210e+12
14 2.552347e+12
15 2.609320e+12
16 2.856376e+12
17 2.863078e+12
18 2.867596e+12
19 2.945281e+12
20 3.002131e+12
21 3.111858e+12
22 3.163442e+12
23 3.400396e+12
24 3.482323e+12
25 3.588331e+12
26 3.596725e+12
27 3.608666e+12
28 3.668498e+12
29 3.768586e+12
30 3.834173e+12
31 3.841162e+12
32 3.850608e+12
33 3.940477e+12
34 4.031849e+12
35 4.051643e+12
36 4.101507e+12
37 4.104634e+12
38 4.146315e+12
39 4.159265e+12
40 4.276140e+12
41 4.301338e+12
42 4.324380e+12
43 4.438533e+12
44 4.498177e+12
45 4.559868e+12
46 4.560272e+12
47 4.578308e+12
48 4.582056e+12
49 4.606797e+12
50 4.623767e+12
51 4.654002e+12
52 4.663832e+12
53 4.694635e+12
54 4.757971e+12
55 4.800560e+12
56 4.834737e+12
57 4.837365e+12
58 4.939213e+12
59 4.984251e+12
60 5.104513e+12
61 5.176973e+12
62 5.194371e+12
63 5.237744e+12
64 5.263724e+12
65 5.273144e+12
66 5.325373e+12
67 5.334645e+12
68 5.382219e+12
69 5.404887e+12
70 5.407995e+12
71 5.491941e+12
72 5.529579e+12
73 5.632860e+12
74 5.723544e+12
75 5.799158e+12
76 5.908035e+12
77 5.920512e+12
78 5.944340e+12
79 5.946815e+12
80 6.104147e+12
81 6.137129e+12
82 6.190336e+12
83 6.230812e+12
84 6.279159e+12
85 6.283690e+12
86 6.331715e+12
87 6.342881e+12
88 6.353792e+12
89 6.417793e+12
90 6.426395e+12
91 6.433978e+12
92 6.449299e+12
93 6.467888e+12
94 6.529809e+12
95 6.591218e+12
96 6.639748e+12
97 6.779873e+12
98 6.793510e+12
99 6.828034e+12
100 6.885637e+12
101 6.897483e+12
102 6.902331e+12
103 6.923000e+12
104 6.931866e+12
105 6.966880e+12
106 6.974999e+12
107 7.013931e+12
108 7.094018e+12
109 7.096481e+12
110 7.126015e+12
111 7.190475e+12
112 7.318774e+12
113 7.348311e+12
114 7.351395e+12
115 7.447680e+12
116 7.473415e+12
117 7.659177e+12
118 7.735117e+12
119 7.822186e+12
120 7.940499e+12
121 7.964410e+12
122 7.965624e+12
123 8.109419e+12
124 8.130412e+12
125 8.247673e+12
126 8.319753e+12
127 8.359473e+12
128 8.363294e+12
129 8.373721e+12
130 8.393444e+12
131 8.416441e+12
132 8.441100e+12
133 8.609660e+12
134 8.623005e+12
135 8.623050e+12
136 8.669645e+12
137 8.687211e+12
138 8.743136e+12
139 8.768496e+12
140 8.774681e+12
141 8.789547e+12
142 8.811942e+12
143 8.815428e+12
144 8.815570e+12
145 8.838764e+12
146 8.840393e+12
147 8.853827e+12
148 8.861740e+12
149 8.927577e+12
150 8.950321e+12
151 8.995012e+12
152 9.002056e+12
153 9.077204e+12
154 9.266115e+12
155 9.371116e+12
156 9.395394e+12
157 9.430568e+12
158 9.482113e+12
159 9.530513e+12
160 9.536219e+12
161 9.584202e+12
162 9.626960e+12
163 9.658003e+12
164 9.785730e+12
165 9.804158e+12
166 9.806811e+12
167 9.830275e+12
168 9.838283e+12
169 9.876885e+12
170 9.885767e+12
171 9.887005e+12
172 9.888533e+12
173 9.904403e+12
174 9.935095e+12
175 9.979804e+12
176 9.982017e+12
177 9.993921e+12
178 1.005558e+13
179 1.006780e+13
180 1.012756e+13
181 1.023233e+13
182 1.032002e+13
183 1.033712e+13
184 1.033864e+13
185 1.037319e+13
186 1.041936e+13
187 1.048596e+13
188 1.049535e+13
189 1.050239e+13
190 1.055257e+13
191 1.057629e+13
192 1.057892e+13
193 1.060665e+13
194 1.061211e+13
195 1.062641e+13
196 1.063592e+13
197 1.076897e+13
198 1.079957e+13
199 1.080753e+13
200 1.082548e+13
201 1.082674e+13
202 1.097450e+13
203 1.108006e+13
204 1.114396e+13
205 1.121059e+13
206 1.123392e+13
207 1.133804e+13
208 1.137625e+13
209 1.140025e+13
210 1.142093e+13
211 1.143182e+13
212 1.171198e+13
213 1.171834e+13
214 1.182253e+13
215 1.188348e+13
216 1.190644e+13
217 1.194503e+13
218 1.203041e+13
219 1.206307e+13
220 1.216542e+13
221 1.218597e+13
222 1.240047e+13
223 1.240387e+13
224 1.245693e+13
225 1.262722e+13
226 1.265825e+13
227 1.268205e+13
228 1.269804e+13
229 1.271542e+13
230 1.272220e+13
231 1.282800e+13
232 1.282907e+13
233 1.287011e+13
234 1.287795e+13
235 1.292710e+13
236 1.296084e+13
237 1.297442e+13
238 1.302932e+13
239 1.308461e+13
240 1.314333e+13
241 1.315129e+13
242 1.317209e+13
243 1.322284e+13
244 1.325719e+13
245 1.337091e+13
246 1.350280e+13
247 1.351622e+13
248 1.352577e+13
249 1.354383e+13
250 1.357743e+13
251 1.360779e+13
252 1.368595e+13
253 1.371696e+13
254 1.379402e+13
255 1.380671e+13
256 1.392638e+13
257 1.395674e+13
258 1.397203e+13
259 1.397770e+13
260 1.398894e+13
261 1.400506e+13
262 1.409947e+13
263 1.411834e+13
264 1.416817e+13
265 1.436219e+13
266 1.442318e+13
267 1.451387e+13
268 1.457763e+13
269 1.457893e+13
270 1.459954e+13
271 1.467175e+13
272 1.467785e+13
273 1.468533e+13
274 1.480006e+13
275 1.480324e+13
276 1.480689e+13
277 1.482149e+13
278 1.483260e+13
279 1.488805e+13
280 1.491294e+13
281 1.491591e+13
282 1.495538e+13
283 1.497342e+13
284 1.526407e+13
285 1.526807e+13
286 1.534085e+13
287 1.536551e+13
288 1.546292e+13
289 1.561273e+13
290 1.574384e+13
291 1.579984e+13
292 1.582315e+13
293 1.591526e+13
294 1.595253e+13
295 1.599032e+13
296 1.601888e+13
297 1.605757e+13
298 1.606972e+13
299 1.612592e+13
300 1.617989e+13
301 1.630188e+13
302 1.632302e+13
303 1.639390e+13
304 1.647989e+13
305 1.654162e+13
306 1.657299e+13
307 1.658746e+13
308 1.658765e+13
309 1.663241e+13
310 1.664278e+13
311 1.674590e+13
312 1.675204e+13
313 1.675517e+13
314 1.680190e+13
315 1.688291e+13
316 1.693640e+13
317 1.697944e+13
318 1.703166e+13
319 1.711876e+13
320 1.714483e+13
321 1.720405e+13
322 1.724825e+13
323 1.752347e+13
324 1.769675e+13
325 1.773437e+13
326 1.776975e+13
327 1.781814e+13
328 1.786077e+13
329 1.793473e+13
330 1.801033e+13
331 1.804150e+13
332 1.816636e+13
333 1.821980e+13
334 1.824057e+13
335 1.824673e+13
336 1.826495e+13
337 1.827592e+13
338 1.830919e+13
339 1.831454e+13
340 1.832249e+13
341 1.844900e+13
342 1.849235e+13
343 1.850143e+13
344 1.851977e+13
345 1.852828e+13
346 1.853289e+13
347 1.864276e+13
348 1.864885e+13
349 1.866087e+13
350 1.873526e+13
351 1.877046e+13
352 1.880812e+13
353 1.907997e+13
354 1.911221e+13
355 1.912605e+13
356 1.915165e+13
357 1.923583e+13
358 1.924373e+13
359 1.925410e+13
360 1.935202e+13
361 1.936196e+13
362 1.941678e+13
363 1.954332e+13
364 1.961147e+13
365 1.971113e+13
366 1.979121e+13
367 1.981843e+13
368 1.988101e+13
369 1.989164e+13
370 1.989508e+13
371 1.993840e+13
372 2.002107e+13
373 2.015692e+13
374 2.030898e+13
375 2.032497e+13
376 2.034009e+13
377 2.037478e+13
378 2.044097e+13
379 2.044757e+13
380 2.046674e+13
381 2.049473e+13
382 2.056357e+13
383 2.058316e+13
384 2.070710e+13
385 2.071107e+13
386 2.071820e+13
387 2.081857e+13
388 2.083148e+13
389 2.085519e+13
390 2.087627e+13
391 2.090038e+13
392 2.095676e+13
393 2.102381e+13
394 2.102395e+13
395 2.110714e+13
396 2.117663e+13
397 2.118434e+13
398 2.118998e+13
399 2.129135e+13
400 2.130769e+13
401 2.134206e+13
402 2.137826e+13
403 2.141944e+13
404 2.143859e+13
405 2.151815e+13
406 2.154336e+13
407 2.158358e+13
408 2.161549e+13
409 2.168085e+13
410 2.171015e+13
411 2.177451e+13
412 2.185414e+13
413 2.191283e+13
414 2.194510e+13
415 2.194551e+13
416 2.208686e+13
417 2.209208e+13
418 2.215687e+13
419 2.223200e+13
420 2.230304e+13
421 2.265480e+13
422 2.266309e+13
423 2.272933e+13
424 2.273054e+13
425 2.293878e+13
426 2.307871e+13
427 2.309101e+13
428 2.310634e+13
429 2.323753e+13
430 2.328881e+13
431 2.335115e+13
432 2.340070e+13
433 2.345599e+13
434 2.360895e+13
435 2.362605e+13
436 2.366093e+13
437 2.367555e+13
438 2.369603e+13
439 2.369859e+13
440 2.387065e+13
441 2.397969e+13
442 2.416698e+13
443 2.418949e+13
444 2.419460e+13
445 2.425415e+13
446 2.444477e+13
447 2.458699e+13
448 2.465115e+13
449 2.470425e+13
450 2.484119e+13
451 2.497274e+13
452 2.497775e+13
453 2.499068e+13
454 2.504143e+13
455 2.505357e+13
456 2.506871e+13
457 2.513165e+13
458 2.519371e+13
459 2.520775e+13
460 2.522719e+13
461 2.526657e+13
462 2.527860e+13
463 2.541897e+13
464 2.554109e+13
465 2.559330e+13
466 2.563226e+13
467 2.564151e+13
468 2.565906e+13
469 2.567460e+13
470 2.570163e+13
471 2.574884e+13
472 2.577911e+13
473 2.582239e+13
474 2.597605e+13
475 2.602461e+13
476 2.606641e+13
477 2.629025e+13
478 2.629951e+13
479 2.634105e+13
480 2.644552e+13
481 2.650078e+13
482 2.660394e+13
483 2.679613e+13
484 2.688562e+13
485 2.700714e+13
486 2.703604e+13
487 2.714884e+13
488 2.720865e+13
489 2.724919e+13
490 2.729419e+13
491 2.730333e+13
492 2.738764e+13
493 2.739233e+13
494 2.742535e+13
495 2.751661e+13
496 2.757521e+13
497 2.763063e+13
498 2.768478e+13
499 2.781579e+13
500 2.796119e+13
501 2.797395e+13
502 2.799907e+13
503 2.800287e+13
504 2.804646e+13
505 2.808445e+13
506 2.817012e+13
507 2.825816e+13
508 2.834351e+13
509 2.836413e+13
510 2.838794e+13
511 2.844509e+13
512 2.845976e+13
513 2.852909e+13
514 2.853319e+13
515 2.858803e+13
516 2.859033e+13
517 2.891818e+13
518 2.892490e+13
519 2.893404e+13
520 2.895964e+13
521 2.907025e+13
522 2.922998e+13
523 2.926046e+13
524 2.931037e+13
525 2.934025e+13
526 2.944309e+13
527 2.945014e+13
528 2.952652e+13
529 2.956445e+13
530 2.964570e+13
531 2.966439e+13
532 2.968965e+13
533 2.974085e+13
534 2.985094e+13
535 2.990553e+13
536 2.996556e+13
537 3.000426e+13
538 3.003394e+13
539 3.003736e+13
540 3.004218e+13
541 3.006657e+13
542 3.019169e+13
543 3.019941e+13
544 3.021113e+13
545 3.025808e+13
546 3.030452e+13
547 3.039922e+13
548 3.046743e+13
549 3.051414e+13
550 3.054712e+13
551 3.063773e+13
552 3.075420e+13
553 3.103981e+13
554 3.115971e+13
555 3.117281e+13
556 3.121511e+13
557 3.136482e+13
558 3.138060e+13
559 3.141164e+13
560 3.143897e+13
561 3.149202e+13
562 3.149791e+13
563 3.152659e+13
564 3.165289e+13
565 3.175038e+13
566 3.179250e+13
567 3.191054e+13
568 3.201927e+13
569 3.216517e+13
570 3.243076e+13
571 3.256795e+13
572 3.270991e+13
573 3.273458e+13
574 3.298258e+13
575 3.300243e+13
576 3.302446e+13
577 3.305538e+13
578 3.309709e+13
579 3.313051e+13
580 3.314861e+13
581 3.323498e+13
582 3.324290e+13
583 3.324711e+13
584 3.325642e+13
585 3.327000e+13
586 3.336629e+13
587 3.338135e+13
588 3.340710e+13
589 3.350349e+13
590 3.353673e+13
591 3.356071e+13
592 3.378477e+13
593 3.389334e+13
594 3.391509e+13
595 3.398359e+13
596 3.401200e+13
597 3.421665e+13
598 3.422452e+13
599 3.427868e+13
600 3.465366e+13
601 3.488168e+13
602 3.488454e+13
603 3.511376e+13
604 3.512331e+13
605 3.519448e+13
606 3.523353e+13
607 3.526976e+13
608 3.545682e+13
609 3.554054e+13
610 3.555474e+13
611 3.593292e+13
612 3.608887e+13
613 3.629160e+13
614 3.637078e+13
615 3.642718e+13
616 3.658073e+13
617 3.669725e+13
618 3.677146e+13
619 3.681443e+13
620 3.682409e+13
621 3.688912e+13
622 3.697533e+13
623 3.698855e+13
624 3.699512e+13
625 3.720283e+13
626 3.738484e+13
627 3.743501e+13
628 3.745400e+13
629 3.785991e+13
630 3.815998e+13
631 3.820049e+13
632 3.846375e+13
633 3.867368e+13
634 3.868561e+13
635 3.869747e+13
636 3.872776e+13
637 3.887061e+13
638 3.891131e+13
639 3.892908e+13
640 3.894814e+13
641 3.900844e+13
642 3.915243e+13
643 3.945374e+13
644 3.958763e+13
645 3.971443e+13
646 3.972319e+13
647 3.980476e+13
648 4.005692e+13
649 4.013916e+13
650 4.018108e+13
651 4.020834e+13
652 4.023566e+13
653 4.039752e+13
654 4.077937e+13
655 4.090328e+13
656 4.099578e+13
657 4.120002e+13
658 4.132161e+13
659 4.154688e+13
660 4.166513e+13
661 4.204230e+13
662 4.209890e+13
663 4.214686e+13
664 4.223598e+13
665 4.229222e+13
666 4.270970e+13
667 4.272372e+13
668 4.288128e+13
669 4.309075e+13
670 4.313077e+13
671 4.345568e+13
672 4.351355e+13
673 4.374623e+13
674 4.375021e+13
675 4.404407e+13
676 4.414230e+13
677 4.422809e+13
678 4.423341e+13
679 4.434775e+13
680 4.438478e+13
681 4.446528e+13
682 4.446750e+13
683 4.451289e+13
684 4.465045e+13
685 4.466830e+13
686 4.480304e+13
687 4.493916e+13
688 4.495401e+13
689 4.511505e+13
690 4.540047e+13
691 4.563911e+13
692 4.565293e+13
693 4.588335e+13
694 4.594500e+13
695 4.598331e+13
696 4.605160e+13
697 4.635737e+13
698 4.653444e+13
699 4.677446e+13
700 4.690636e+13
701 4.732531e+13
702 4.734731e+13
703 4.738524e+13
704 4.777044e+13
705 4.787254e+13
706 4.792911e+13
707 4.805206e+13
708 4.814782e+13
709 4.821222e+13
710 4.834834e+13
711 4.855777e+13
712 4.882460e+13
713 4.884881e+13
714 4.897429e+13
715 4.934412e+13
716 4.938922e+13
717 4.994157e+13
718 4.994331e+13
719 4.999201e+13
720 5.029132e+13
721 5.057339e+13
722 5.072458e+13
723 5.098834e+13
724 5.110760e+13
725 5.114943e+13
726 5.118802e+13
727 5.121669e+13
728 5.122747e+13
729 5.138267e+13
730 5.141465e+13
731 5.147396e+13
732 5.159878e+13
733 5.191924e+13
734 5.220081e+13
735 5.229644e+13
736 5.252894e+13
737 5.275944e+13
738 5.287245e+13
739 5.321452e+13
740 5.348460e+13
741 5.358623e+13
742 5.381040e+13
743 5.454937e+13
744 5.466216e+13
745 5.516050e+13
746 5.530857e+13
747 5.552183e+13
748 5.578855e+13
749 5.611774e+13
750 5.622428e+13
751 5.641212e+13
752 5.642601e+13
753 5.673654e+13
754 5.698490e+13
755 5.710294e+13
756 5.749711e+13
757 5.753763e+13
758 5.760586e+13
759 5.762519e+13
760 5.778123e+13
761 5.779297e+13
762 5.782017e+13
763 5.825596e+13
764 5.831179e+13
765 5.854517e+13
766 5.857440e+13
767 5.864229e+13
768 5.873497e+13
769 5.981981e+13
770 6.052176e+13
771 6.069416e+13
772 6.163904e+13
773 6.164851e+13
774 6.180499e+13
775 6.207550e+13
776 6.212659e+13
777 6.239105e+13
778 6.260460e+13
779 6.273814e+13
780 6.291400e+13
781 6.325456e+13
782 6.333005e+13
783 6.336731e+13
784 6.402935e+13
785 6.419461e+13
786 6.446609e+13
787 6.507649e+13
788 6.545426e+13
789 6.565689e+13
790 6.620611e+13
791 6.622426e+13
792 6.666490e+13
793 6.673353e+13
794 6.681879e+13
795 6.708301e+13
796 6.723578e+13
797 6.735804e+13
798 6.827137e+13
799 6.840183e+13
800 6.852606e+13
801 6.864826e+13
802 6.866628e+13
803 6.908650e+13
804 6.910620e+13
805 6.952607e+13
806 6.966170e+13
807 7.022613e+13
808 7.042185e+13
809 7.074132e+13
810 7.082857e+13
811 7.129479e+13
812 7.137893e+13
813 7.171245e+13
814 7.199171e+13
815 7.212086e+13
816 7.271500e+13
817 7.281927e+13
818 7.327145e+13
819 7.382506e+13
820 7.384932e+13
821 7.385981e+13
822 7.399923e+13
823 7.415676e+13
824 7.532788e+13
825 7.570718e+13
826 7.614829e+13
827 7.625699e+13
828 7.668315e+13
829 7.724125e+13
830 7.724782e+13
831 7.825810e+13
832 7.856423e+13
833 7.890161e+13
834 7.905707e+13
835 7.907467e+13
836 7.909157e+13
837 7.912348e+13
838 7.973550e+13
839 8.052995e+13
840 8.060559e+13
841 8.124826e+13
842 8.146403e+13
843 8.245405e+13
844 8.246366e+13
845 8.260421e+13
846 8.273984e+13
847 8.288616e+13
848 8.297121e+13
849 8.308368e+13
850 8.323423e+13
851 8.342175e+13
852 8.368425e+13
853 8.446450e+13
854 8.476849e+13
855 8.497210e+13
856 8.502171e+13
857 8.565106e+13
858 8.565622e+13
859 8.572984e+13
860 8.598774e+13
861 8.635271e+13
862 8.690214e+13
863 8.699575e+13
864 8.712744e+13
865 8.739984e+13
866 8.790734e+13
867 8.852763e+13
868 8.855737e+13
869 8.858448e+13
870 8.863109e+13
871 8.888140e+13
872 8.921739e+13
873 8.935367e+13
874 8.956147e+13
875 8.956624e+13
876 8.968276e+13
877 9.038917e+13
878 9.048548e+13
879 9.055981e+13
880 9.098427e+13
881 9.100411e+13
882 9.241369e+13
883 9.248288e+13
884 9.291087e+13
885 9.291678e+13
886 9.296822e+13
887 9.324028e+13
888 9.364456e+13
889 9.374041e+13
890 9.385930e+13
891 9.503577e+13
892 9.588506e+13
893 9.605438e+13
894 9.653640e+13
895 9.781289e+13
896 9.788988e+13
897 9.906617e+13
898 9.907227e+13
899 9.985949e+13
900 1.002870e+14
901 1.007250e+14
902 1.024493e+14
903 1.034798e+14
904 1.035154e+14
905 1.035798e+14
906 1.043238e+14
907 1.045967e+14
908 1.046367e+14
909 1.052576e+14
910 1.073593e+14
911 1.080262e+14
912 1.080589e+14
913 1.085624e+14
914 1.088914e+14
915 1.096869e+14
916 1.131046e+14
917 1.134508e+14
918 1.143042e+14
919 1.149281e+14
920 1.150598e+14
921 1.171254e+14
922 1.176131e+14
923 1.188205e+14
924 1.196132e+14
925 1.197027e+14
926 1.206446e+14
927 1.210993e+14
928 1.217865e+14
929 1.221713e+14
930 1.227972e+14
931 1.229938e+14
932 1.231309e+14
933 1.240389e+14
934 1.252151e+14
935 1.254236e+14
936 1.257536e+14
937 1.261642e+14
938 1.290949e+14
939 1.300611e+14
940 1.306432e+14
941 1.315904e+14
942 1.319635e+14
943 1.324385e+14
944 1.328630e+14
945 1.331478e+14
946 1.361069e+14
947 1.361721e+14
948 1.400540e+14
949 1.406070e+14
950 1.412164e+14
951 1.425165e+14
952 1.462141e+14
953 1.512477e+14
954 1.515649e+14
955 1.572692e+14
956 1.573531e+14
957 1.589487e+14
958 1.593514e+14
959 1.622834e+14
960 1.631919e+14
961 1.646210e+14
962 1.685931e+14
963 1.692412e+14
964 1.717332e+14
965 1.724408e+14
966 1.765340e+14
967 1.766828e+14
968 1.786196e+14
969 1.804946e+14
970 1.844499e+14
971 1.916143e+14
972 2.017800e+14
973 2.023380e+14
974 2.026354e+14
975 2.053576e+14
976 2.086619e+14
977 2.127831e+14
978 2.128551e+14
979 2.164312e+14
980 2.193192e+14
981 2.254635e+14
982 2.400231e+14
983 2.418302e+14
984 2.440920e+14
985 2.575753e+14
986 2.956796e+14
987 3.139520e+14
988 3.139700e+14
989 3.228617e+14
990 3.287555e+14
991 3.443567e+14
992 3.559330e+14
993 3.581803e+14
994 3.840634e+14
995 3.907553e+14
996 4.344535e+14
997 4.540590e+14
998 8.956011e+14
999 9.378209e+14
1000 1.234041e+15
