# E_gamma(MeV)   Spectrum
5.145440e-01 1.901147e+20
5.413360e-01 2.291222e+20
5.695230e-01 2.703027e+20
5.991770e-01 2.843641e+20
6.303750e-01 2.928814e+20
6.631980e-01 2.972360e+20
6.977300e-01 2.981158e+20
7.340600e-01 2.963218e+20
7.722810e-01 2.921786e+20
8.124930e-01 2.868407e+20
8.547980e-01 2.803837e+20
8.993070e-01 2.729333e+20
9.461320e-01 2.651659e+20
9.953960e-01 2.570354e+20
1.047230e+00 2.488967e+20
1.101750e+00 2.404951e+20
1.159120e+00 2.323353e+20
1.219470e+00 2.242035e+20
1.282970e+00 2.163328e+20
1.349770e+00 2.083744e+20
1.420050e+00 2.008582e+20
1.493990e+00 1.935541e+20
1.571780e+00 1.862970e+20
1.653620e+00 1.794467e+20
1.739730e+00 1.726413e+20
1.830310e+00 1.662159e+20
1.925610e+00 1.599149e+20
2.025880e+00 1.539156e+20
2.131360e+00 1.479591e+20
2.242340e+00 1.422948e+20
2.359100e+00 1.368125e+20
2.481930e+00 1.315044e+20
2.611160e+00 1.264526e+20
2.747120e+00 1.213434e+20
2.890160e+00 1.165858e+20
3.040650e+00 1.118280e+20
3.198970e+00 1.074465e+20
3.365530e+00 1.029940e+20
3.540770e+00 9.870940e+19
3.725140e+00 9.459003e+19
3.919100e+00 9.059123e+19
4.123160e+00 8.672487e+19
4.337850e+00 8.301392e+19
4.563720e+00 7.933075e+19
4.801340e+00 7.581575e+19
5.051340e+00 7.240584e+19
5.314360e+00 6.905273e+19
5.591070e+00 6.594044e+19
5.882190e+00 6.277712e+19
6.188470e+00 5.978307e+19
6.510690e+00 5.688781e+19
6.849700e+00 5.409113e+19
7.206350e+00 5.139617e+19
7.581580e+00 4.877510e+19
7.976340e+00 4.623846e+19
8.391660e+00 4.386873e+19
8.828600e+00 4.149383e+19
9.288290e+00 3.927265e+19
9.771920e+00 3.711335e+19
1.028070e+01 3.504942e+19
1.081600e+01 3.307177e+19
1.137920e+01 3.114628e+19
1.197170e+01 2.935534e+19
1.259510e+01 2.762226e+19
1.325090e+01 2.596296e+19
1.394080e+01 2.437893e+19
1.466670e+01 2.287734e+19
1.543040e+01 2.145741e+19
1.623380e+01 2.010365e+19
1.707910e+01 1.880826e+19
1.796840e+01 1.758656e+19
1.890400e+01 1.644140e+19
1.988830e+01 1.534784e+19
2.092380e+01 1.432953e+19
2.201330e+01 1.335714e+19
2.315950e+01 1.244428e+19
2.436540e+01 1.158894e+19
2.563410e+01 1.078597e+19
2.696880e+01 1.003510e+19
2.837300e+01 9.321361e+18
2.985040e+01 8.664524e+18
3.140470e+01 8.045235e+18
3.303990e+01 7.472754e+18
3.476020e+01 6.932055e+18
3.657010e+01 6.432416e+18
3.847430e+01 5.969007e+18
4.047760e+01 5.536120e+18
4.258520e+01 5.137269e+18
4.480250e+01 4.766272e+18
4.713530e+01 4.425605e+18
4.958960e+01 4.111032e+18
5.217170e+01 3.823355e+18
5.488820e+01 3.562436e+18
5.774620e+01 3.323561e+18
6.075290e+01 3.106734e+18
6.391620e+01 2.912237e+18
6.724430e+01 2.738060e+18
7.074560e+01 2.583064e+18
7.442920e+01 2.442669e+18
7.830470e+01 2.315890e+18
8.238190e+01 2.199473e+18
8.667140e+01 2.091615e+18
9.118430e+01 1.987509e+18
9.593210e+01 1.885687e+18
1.009270e+02 1.783241e+18
1.061820e+02 1.680473e+18
1.117110e+02 1.574198e+18
1.175280e+02 1.465407e+18
1.236470e+02 1.355189e+18
1.300850e+02 1.242333e+18
1.368590e+02 1.129960e+18
1.439850e+02 1.019529e+18
1.514820e+02 9.123477e+17
1.593690e+02 8.099408e+17
1.676680e+02 7.135161e+17
1.763980e+02 6.239575e+17
1.855830e+02 5.410137e+17
1.952460e+02 4.670691e+17
2.054120e+02 3.999982e+17
2.161070e+02 3.407864e+17
2.273600e+02 2.880689e+17
2.391980e+02 2.408880e+17
2.516530e+02 2.003039e+17
2.647560e+02 1.654572e+17
2.785410e+02 1.370716e+17
2.930450e+02 1.141336e+17
3.083030e+02 9.549945e+16
3.243560e+02 8.037773e+16
3.412450e+02 6.766605e+16
3.590130e+02 5.699942e+16
3.777060e+02 4.783945e+16
3.973730e+02 3.974336e+16
4.180640e+02 3.266444e+16
4.398320e+02 2.644304e+16
4.627330e+02 2.115096e+16
4.868270e+02 1.693218e+16
5.121760e+02 1.359481e+16
5.388440e+02 1.110381e+16
5.669010e+02 9.230530e+15
5.964180e+02 7.781588e+15
6.274730e+02 6.625816e+15
6.601450e+02 5.642653e+15
6.945180e+02 4.810183e+15
7.306800e+02 4.102294e+15
7.687260e+02 3.497613e+15
8.087520e+02 2.997503e+15
8.508630e+02 2.573422e+15
8.951660e+02 2.212236e+15
9.417770e+02 1.892874e+15
9.908140e+02 1.585682e+15
1.042400e+03 1.295296e+15
1.096680e+03 1.019202e+15
1.153780e+03 7.710888e+14
1.213860e+03 5.598694e+14
1.277060e+03 3.918176e+14
1.343560e+03 2.658188e+14
1.413520e+03 1.751682e+14
1.487120e+03 1.157013e+14
1.564550e+03 7.634558e+13
1.646010e+03 5.087469e+13
1.731720e+03 3.409488e+13
1.821890e+03 2.192012e+13
1.916750e+03 1.331151e+13
2.016550e+03 7.589075e+12
2.121550e+03 4.028061e+12
2.232020e+03 2.125460e+12
2.348230e+03 1.105010e+12
2.470500e+03 5.678356e+11
2.599140e+03 2.933834e+11
2.734470e+03 1.365373e+11
2.876850e+03 6.297714e+10
3.026650e+03 3.041591e+10
3.184240e+03 1.496111e+10
3.350040e+03 7.774222e+09
3.524470e+03 1.216464e+09
3.707990e+03 3.853989e+08
3.901060e+03 1.276570e+08
4.104180e+03 3.816873e+07
4.317880e+03 1.058673e+07
4.542710e+03 2.683090e+06
4.779240e+03 6.189485e+05
5.028090e+03 1.488405e+05
5.289890e+03 2.834005e+04
5.565330e+03 5.252697e+03
5.855110e+03 9.581634e+02
6.159980e+03 1.329287e+02
6.480720e+03 2.019018e+01
6.818160e+03 2.494748e+00
7.173170e+03 2.391202e-01
7.546670e+03 2.872525e-02
7.939620e+03 2.344860e-03
8.353020e+03 1.671176e-04
8.787950e+03 1.325845e-05
9.245530e+03 6.208176e-07
9.726930e+03 3.562673e-08
1.023340e+04 1.727786e-09
1.076620e+04 6.054361e-11
1.132680e+04 1.828694e-12
1.191660e+04 5.310907e-14
1.253710e+04 1.269315e-15
1.318990e+04 2.086416e-17
1.387660e+04 3.097959e-19
1.459920e+04 4.179927e-21
1.535930e+04 3.602343e-23
1.615910e+04 2.642430e-25
1.700050e+04 1.709956e-27
1.788570e+04 6.545887e-30
1.881690e+04 2.485184e-32
1.979670e+04 5.700819e-35
2.082750e+04 1.068422e-37
2.191200e+04 1.354312e-40
2.305290e+04 1.296567e-43
2.425320e+04 8.084919e-47
2.551610e+04 3.786235e-50
2.684460e+04 1.111965e-53
2.824240e+04 2.139092e-57
2.971300e+04 2.562330e-61
3.126010e+04 1.739435e-65
3.288770e+04 1.325467e-69
3.460020e+04 2.619059e-74
3.640170e+04 1.118438e-78
3.829710e+04 1.214885e-83
4.029120e+04 5.400000e-89
4.238910e+04 2.981181e-94
4.459630e+04 6.012267e-101
4.691830e+04 1.208564e-105
4.936130e+04 3.631628e-112
5.193150e+04 2.076160e-120
5.463550e+04 2.832169e-126
5.748030e+04 7.424952e-134
6.047320e+04 2.604698e-140
6.362200e+04 1.557618e-151
6.693470e+04 2.458496e-160
7.041990e+04 1.243283e-169
7.408660e+04 2.468145e-179
7.794420e+04 1.298107e-189
8.200260e+04 1.982599e-195
8.627240e+04 8.527368e-212
9.076450e+04 9.667917e-224
9.549040e+04 9.307491e-229
1.004630e+05 1.707293e-249
1.056930e+05 1.485407e-253
1.111970e+05 4.846443e-278
1.169870e+05 1.719359e-293
1.230780e+05 2.178379e-299
1.294860e+05 0.000000e+00
1.362290e+05 0.000000e+00
1.433220e+05 0.000000e+00
1.507850e+05 0.000000e+00
1.586360e+05 0.000000e+00
1.668960e+05 0.000000e+00
1.755860e+05 0.000000e+00
1.847280e+05 0.000000e+00
1.943470e+05 0.000000e+00
2.044660e+05 0.000000e+00
2.151120e+05 0.000000e+00
2.263130e+05 0.000000e+00
2.380970e+05 0.000000e+00
2.504940e+05 0.000000e+00
2.635370e+05 0.000000e+00
2.772590e+05 0.000000e+00
2.916960e+05 0.000000e+00
3.068840e+05 0.000000e+00
3.228630e+05 0.000000e+00
3.396740e+05 0.000000e+00
3.573600e+05 0.000000e+00
3.759670e+05 0.000000e+00
3.955440e+05 0.000000e+00
4.161390e+05 0.000000e+00
4.378070e+05 0.000000e+00
4.606030e+05 0.000000e+00
4.845860e+05 0.000000e+00
5.098180e+05 0.000000e+00
5.363630e+05 0.000000e+00
5.642910e+05 0.000000e+00
5.936730e+05 0.000000e+00
6.245840e+05 0.000000e+00
6.571060e+05 0.000000e+00
6.913200e+05 0.000000e+00
7.273170e+05 0.000000e+00
7.651870e+05 0.000000e+00
8.050290e+05 0.000000e+00
8.469460e+05 0.000000e+00
8.910450e+05 0.000000e+00
9.374410e+05 0.000000e+00
9.862520e+05 0.000000e+00
1.037610e+06 0.000000e+00
1.091630e+06 0.000000e+00
1.148470e+06 0.000000e+00
1.208270e+06 0.000000e+00
1.271180e+06 0.000000e+00
1.337370e+06 0.000000e+00
1.407010e+06 0.000000e+00
1.480270e+06 0.000000e+00
1.557340e+06 0.000000e+00
1.638430e+06 0.000000e+00
1.723740e+06 0.000000e+00
1.813500e+06 0.000000e+00
1.907920e+06 0.000000e+00
2.007270e+06 0.000000e+00
2.111780e+06 0.000000e+00
2.221740e+06 0.000000e+00
2.337420e+06 0.000000e+00
2.459130e+06 0.000000e+00
2.587170e+06 0.000000e+00
2.721880e+06 0.000000e+00
2.863610e+06 0.000000e+00
3.012710e+06 0.000000e+00
3.169580e+06 0.000000e+00
3.334620e+06 0.000000e+00
3.508250e+06 0.000000e+00
3.690920e+06 0.000000e+00
3.883100e+06 0.000000e+00
4.085290e+06 0.000000e+00
4.298000e+06 0.000000e+00
4.521790e+06 0.000000e+00
4.757240e+06 0.000000e+00
5.004940e+06 0.000000e+00
5.265540e+06 0.000000e+00
5.539710e+06 0.000000e+00
5.828150e+06 0.000000e+00
6.131620e+06 0.000000e+00
6.450880e+06 0.000000e+00
6.786770e+06 0.000000e+00
7.140150e+06 0.000000e+00
7.511930e+06 0.000000e+00
7.903070e+06 0.000000e+00
8.314570e+06 0.000000e+00
8.747500e+06 0.000000e+00
9.202970e+06 0.000000e+00
9.682150e+06 0.000000e+00
1.018630e+07 0.000000e+00
1.071670e+07 0.000000e+00
1.127470e+07 0.000000e+00
1.186170e+07 0.000000e+00
1.247940e+07 0.000000e+00
1.312910e+07 0.000000e+00
1.381280e+07 0.000000e+00
1.453200e+07 0.000000e+00
1.528860e+07 0.000000e+00
1.608470e+07 0.000000e+00
1.692220e+07 0.000000e+00
1.780330e+07 0.000000e+00
1.873030e+07 0.000000e+00
1.970560e+07 0.000000e+00
2.073160e+07 0.000000e+00
2.181110e+07 0.000000e+00
2.294680e+07 0.000000e+00
2.414160e+07 0.000000e+00
2.539860e+07 0.000000e+00
2.672110e+07 0.000000e+00
2.811240e+07 0.000000e+00
2.957620e+07 0.000000e+00
3.111620e+07 0.000000e+00
3.273630e+07 0.000000e+00
3.444090e+07 0.000000e+00
3.623420e+07 0.000000e+00
3.812080e+07 0.000000e+00
4.010570e+07 0.000000e+00
4.219400e+07 0.000000e+00
4.439100e+07 0.000000e+00
4.670230e+07 0.000000e+00
4.913410e+07 0.000000e+00
5.169240e+07 0.000000e+00
5.438400e+07 0.000000e+00
5.721570e+07 0.000000e+00
6.019480e+07 0.000000e+00
6.332910e+07 0.000000e+00
6.662650e+07 0.000000e+00
7.009570e+07 0.000000e+00
7.374550e+07 0.000000e+00
7.758530e+07 0.000000e+00
8.162510e+07 0.000000e+00
8.587520e+07 0.000000e+00
9.034660e+07 0.000000e+00
9.505080e+07 0.000000e+00
1.000000e+08 0.000000e+00
