# Mean mass (g): 5.11e+14
1 6.878337e+13
2 1.024159e+14
3 1.024159e+14
4 1.438559e+14
5 1.606721e+14
6 1.642756e+14
7 1.648762e+14
8 1.654768e+14
9 1.714826e+14
10 1.714826e+14
11 1.720832e+14
12 1.738849e+14
13 1.750861e+14
14 1.780890e+14
15 1.792901e+14
16 1.798907e+14
17 1.804913e+14
18 1.810919e+14
19 1.816925e+14
20 1.828936e+14
21 1.852959e+14
22 1.991093e+14
23 2.027128e+14
24 2.033133e+14
25 2.099197e+14
26 2.129226e+14
27 2.159255e+14
28 2.159255e+14
29 2.165261e+14
30 2.201296e+14
31 2.201296e+14
32 2.243337e+14
33 2.273366e+14
34 2.285377e+14
35 2.291383e+14
36 2.315406e+14
37 2.351441e+14
38 2.417505e+14
39 2.423511e+14
40 2.435522e+14
41 2.465551e+14
42 2.477563e+14
43 2.477563e+14
44 2.495580e+14
45 2.501586e+14
46 2.537621e+14
47 2.537621e+14
48 2.567650e+14
49 2.585667e+14
50 2.633714e+14
51 2.663743e+14
52 2.663743e+14
53 2.705783e+14
54 2.711789e+14
55 2.717795e+14
56 2.723801e+14
57 2.729807e+14
58 2.735812e+14
59 2.753830e+14
60 2.759836e+14
61 2.759836e+14
62 2.765841e+14
63 2.783859e+14
64 2.789865e+14
65 2.795870e+14
66 2.801876e+14
67 2.831905e+14
68 2.837911e+14
69 2.843917e+14
70 2.849923e+14
71 2.861934e+14
72 2.873946e+14
73 2.891963e+14
74 2.897969e+14
75 2.903975e+14
76 2.909981e+14
77 2.915986e+14
78 2.934004e+14
79 2.934004e+14
80 2.958027e+14
81 2.976044e+14
82 2.988056e+14
83 2.994062e+14
84 2.994062e+14
85 2.994062e+14
86 3.000068e+14
87 3.000068e+14
88 3.006074e+14
89 3.006074e+14
90 3.012079e+14
91 3.012079e+14
92 3.018085e+14
93 3.018085e+14
94 3.030097e+14
95 3.054120e+14
96 3.072137e+14
97 3.072137e+14
98 3.072137e+14
99 3.096161e+14
100 3.102166e+14
101 3.126190e+14
102 3.132195e+14
103 3.150213e+14
104 3.150213e+14
105 3.156219e+14
106 3.156219e+14
107 3.162224e+14
108 3.162224e+14
109 3.162224e+14
110 3.168230e+14
111 3.180242e+14
112 3.192253e+14
113 3.198259e+14
114 3.216277e+14
115 3.222282e+14
116 3.228288e+14
117 3.228288e+14
118 3.228288e+14
119 3.240300e+14
120 3.246306e+14
121 3.246306e+14
122 3.264323e+14
123 3.264323e+14
124 3.270329e+14
125 3.270329e+14
126 3.288346e+14
127 3.288346e+14
128 3.294352e+14
129 3.300358e+14
130 3.300358e+14
131 3.300358e+14
132 3.300358e+14
133 3.300358e+14
134 3.300358e+14
135 3.300358e+14
136 3.306364e+14
137 3.312369e+14
138 3.318375e+14
139 3.324381e+14
140 3.324381e+14
141 3.348404e+14
142 3.354410e+14
143 3.360416e+14
144 3.366422e+14
145 3.366422e+14
146 3.378433e+14
147 3.384439e+14
148 3.384439e+14
149 3.390445e+14
150 3.390445e+14
151 3.396451e+14
152 3.402456e+14
153 3.420474e+14
154 3.420474e+14
155 3.426480e+14
156 3.432485e+14
157 3.438491e+14
158 3.450503e+14
159 3.450503e+14
160 3.456509e+14
161 3.456509e+14
162 3.456509e+14
163 3.462515e+14
164 3.474526e+14
165 3.474526e+14
166 3.480532e+14
167 3.486538e+14
168 3.498549e+14
169 3.504555e+14
170 3.504555e+14
171 3.510561e+14
172 3.516567e+14
173 3.522573e+14
174 3.540590e+14
175 3.540590e+14
176 3.546596e+14
177 3.546596e+14
178 3.552602e+14
179 3.570619e+14
180 3.576625e+14
181 3.576625e+14
182 3.576625e+14
183 3.576625e+14
184 3.588636e+14
185 3.594642e+14
186 3.594642e+14
187 3.606654e+14
188 3.612660e+14
189 3.618665e+14
190 3.636683e+14
191 3.636683e+14
192 3.642689e+14
193 3.648694e+14
194 3.654700e+14
195 3.666712e+14
196 3.666712e+14
197 3.672718e+14
198 3.672718e+14
199 3.672718e+14
200 3.684729e+14
201 3.690735e+14
202 3.696741e+14
203 3.696741e+14
204 3.702747e+14
205 3.708752e+14
206 3.708752e+14
207 3.720764e+14
208 3.726770e+14
209 3.726770e+14
210 3.732776e+14
211 3.738781e+14
212 3.750793e+14
213 3.756799e+14
214 3.762805e+14
215 3.774816e+14
216 3.780822e+14
217 3.792834e+14
218 3.792834e+14
219 3.792834e+14
220 3.804845e+14
221 3.804845e+14
222 3.816857e+14
223 3.828868e+14
224 3.828868e+14
225 3.834874e+14
226 3.840880e+14
227 3.852892e+14
228 3.852892e+14
229 3.858897e+14
230 3.858897e+14
231 3.864903e+14
232 3.864903e+14
233 3.870909e+14
234 3.876915e+14
235 3.882921e+14
236 3.888927e+14
237 3.894932e+14
238 3.894932e+14
239 3.900938e+14
240 3.900938e+14
241 3.906944e+14
242 3.906944e+14
243 3.906944e+14
244 3.912950e+14
245 3.918956e+14
246 3.924961e+14
247 3.942979e+14
248 3.942979e+14
249 3.948985e+14
250 3.954990e+14
251 3.973008e+14
252 3.979014e+14
253 3.979014e+14
254 3.985019e+14
255 3.991025e+14
256 3.997031e+14
257 3.997031e+14
258 4.003037e+14
259 4.009043e+14
260 4.021054e+14
261 4.033066e+14
262 4.039072e+14
263 4.045077e+14
264 4.045077e+14
265 4.045077e+14
266 4.057089e+14
267 4.075106e+14
268 4.081112e+14
269 4.087118e+14
270 4.087118e+14
271 4.087118e+14
272 4.087118e+14
273 4.093124e+14
274 4.105135e+14
275 4.123153e+14
276 4.135164e+14
277 4.135164e+14
278 4.171199e+14
279 4.177205e+14
280 4.183211e+14
281 4.195222e+14
282 4.201228e+14
283 4.207234e+14
284 4.213240e+14
285 4.219246e+14
286 4.219246e+14
287 4.225251e+14
288 4.225251e+14
289 4.231257e+14
290 4.237263e+14
291 4.237263e+14
292 4.249275e+14
293 4.249275e+14
294 4.249275e+14
295 4.255280e+14
296 4.255280e+14
297 4.261286e+14
298 4.267292e+14
299 4.267292e+14
300 4.267292e+14
301 4.273298e+14
302 4.279304e+14
303 4.285309e+14
304 4.291315e+14
305 4.291315e+14
306 4.291315e+14
307 4.297321e+14
308 4.297321e+14
309 4.303327e+14
310 4.309333e+14
311 4.309333e+14
312 4.309333e+14
313 4.309333e+14
314 4.315338e+14
315 4.321344e+14
316 4.321344e+14
317 4.327350e+14
318 4.327350e+14
319 4.327350e+14
320 4.327350e+14
321 4.327350e+14
322 4.333356e+14
323 4.339362e+14
324 4.339362e+14
325 4.345368e+14
326 4.345368e+14
327 4.351373e+14
328 4.351373e+14
329 4.369391e+14
330 4.381402e+14
331 4.381402e+14
332 4.381402e+14
333 4.399420e+14
334 4.399420e+14
335 4.405426e+14
336 4.405426e+14
337 4.405426e+14
338 4.411431e+14
339 4.417437e+14
340 4.429449e+14
341 4.429449e+14
342 4.435455e+14
343 4.441460e+14
344 4.447466e+14
345 4.447466e+14
346 4.447466e+14
347 4.447466e+14
348 4.447466e+14
349 4.453472e+14
350 4.453472e+14
351 4.453472e+14
352 4.459478e+14
353 4.459478e+14
354 4.459478e+14
355 4.465484e+14
356 4.465484e+14
357 4.483501e+14
358 4.489507e+14
359 4.489507e+14
360 4.489507e+14
361 4.489507e+14
362 4.489507e+14
363 4.489507e+14
364 4.489507e+14
365 4.495513e+14
366 4.495513e+14
367 4.501518e+14
368 4.507524e+14
369 4.513530e+14
370 4.513530e+14
371 4.519536e+14
372 4.525542e+14
373 4.531547e+14
374 4.537553e+14
375 4.543559e+14
376 4.555571e+14
377 4.561576e+14
378 4.561576e+14
379 4.561576e+14
380 4.561576e+14
381 4.573588e+14
382 4.579594e+14
383 4.585600e+14
384 4.585600e+14
385 4.585600e+14
386 4.585600e+14
387 4.585600e+14
388 4.591605e+14
389 4.597611e+14
390 4.603617e+14
391 4.603617e+14
392 4.603617e+14
393 4.603617e+14
394 4.609623e+14
395 4.615629e+14
396 4.621634e+14
397 4.621634e+14
398 4.633646e+14
399 4.639652e+14
400 4.645658e+14
401 4.651663e+14
402 4.657669e+14
403 4.669681e+14
404 4.675687e+14
405 4.675687e+14
406 4.681692e+14
407 4.681692e+14
408 4.681692e+14
409 4.687698e+14
410 4.687698e+14
411 4.693704e+14
412 4.693704e+14
413 4.693704e+14
414 4.693704e+14
415 4.705716e+14
416 4.711721e+14
417 4.711721e+14
418 4.711721e+14
419 4.711721e+14
420 4.717727e+14
421 4.717727e+14
422 4.723733e+14
423 4.729739e+14
424 4.729739e+14
425 4.735745e+14
426 4.735745e+14
427 4.735745e+14
428 4.735745e+14
429 4.741750e+14
430 4.747756e+14
431 4.747756e+14
432 4.753762e+14
433 4.753762e+14
434 4.753762e+14
435 4.765774e+14
436 4.765774e+14
437 4.771779e+14
438 4.777785e+14
439 4.777785e+14
440 4.783791e+14
441 4.795803e+14
442 4.795803e+14
443 4.795803e+14
444 4.795803e+14
445 4.795803e+14
446 4.801809e+14
447 4.801809e+14
448 4.813820e+14
449 4.813820e+14
450 4.813820e+14
451 4.819826e+14
452 4.819826e+14
453 4.831838e+14
454 4.837843e+14
455 4.861867e+14
456 4.861867e+14
457 4.861867e+14
458 4.867872e+14
459 4.867872e+14
460 4.867872e+14
461 4.891896e+14
462 4.897901e+14
463 4.903907e+14
464 4.903907e+14
465 4.903907e+14
466 4.909913e+14
467 4.909913e+14
468 4.915919e+14
469 4.915919e+14
470 4.927930e+14
471 4.933936e+14
472 4.933936e+14
473 4.945948e+14
474 4.945948e+14
475 4.945948e+14
476 4.957959e+14
477 4.969971e+14
478 4.969971e+14
479 4.975977e+14
480 4.975977e+14
481 4.975977e+14
482 4.981983e+14
483 4.981983e+14
484 5.000000e+14
485 5.012012e+14
486 5.024023e+14
487 5.030029e+14
488 5.042041e+14
489 5.048046e+14
490 5.054052e+14
491 5.060058e+14
492 5.066064e+14
493 5.066064e+14
494 5.072070e+14
495 5.072070e+14
496 5.072070e+14
497 5.072070e+14
498 5.072070e+14
499 5.078075e+14
500 5.078075e+14
501 5.078075e+14
502 5.090087e+14
503 5.090087e+14
504 5.090087e+14
505 5.096093e+14
506 5.096093e+14
507 5.102099e+14
508 5.108104e+14
509 5.114110e+14
510 5.120116e+14
511 5.120116e+14
512 5.120116e+14
513 5.126122e+14
514 5.126122e+14
515 5.138133e+14
516 5.138133e+14
517 5.144139e+14
518 5.144139e+14
519 5.156151e+14
520 5.156151e+14
521 5.156151e+14
522 5.162157e+14
523 5.186180e+14
524 5.186180e+14
525 5.192186e+14
526 5.198191e+14
527 5.198191e+14
528 5.198191e+14
529 5.198191e+14
530 5.204197e+14
531 5.216209e+14
532 5.216209e+14
533 5.222215e+14
534 5.222215e+14
535 5.222215e+14
536 5.222215e+14
537 5.228221e+14
538 5.228221e+14
539 5.228221e+14
540 5.228221e+14
541 5.234226e+14
542 5.234226e+14
543 5.234226e+14
544 5.234226e+14
545 5.240232e+14
546 5.240232e+14
547 5.246238e+14
548 5.246238e+14
549 5.252244e+14
550 5.252244e+14
551 5.270261e+14
552 5.276267e+14
553 5.282273e+14
554 5.282273e+14
555 5.294284e+14
556 5.300290e+14
557 5.306296e+14
558 5.312302e+14
559 5.312302e+14
560 5.312302e+14
561 5.324313e+14
562 5.330319e+14
563 5.330319e+14
564 5.336325e+14
565 5.336325e+14
566 5.342331e+14
567 5.348337e+14
568 5.354342e+14
569 5.354342e+14
570 5.354342e+14
571 5.354342e+14
572 5.354342e+14
573 5.354342e+14
574 5.360348e+14
575 5.360348e+14
576 5.366354e+14
577 5.372360e+14
578 5.378366e+14
579 5.384371e+14
580 5.384371e+14
581 5.384371e+14
582 5.390377e+14
583 5.396383e+14
584 5.396383e+14
585 5.402389e+14
586 5.402389e+14
587 5.408395e+14
588 5.408395e+14
589 5.414400e+14
590 5.414400e+14
591 5.420406e+14
592 5.420406e+14
593 5.426412e+14
594 5.432418e+14
595 5.438424e+14
596 5.444429e+14
597 5.444429e+14
598 5.450435e+14
599 5.450435e+14
600 5.462447e+14
601 5.468453e+14
602 5.474458e+14
603 5.480464e+14
604 5.486470e+14
605 5.486470e+14
606 5.492476e+14
607 5.516499e+14
608 5.516499e+14
609 5.528511e+14
610 5.534516e+14
611 5.540522e+14
612 5.546528e+14
613 5.552534e+14
614 5.552534e+14
615 5.552534e+14
616 5.552534e+14
617 5.558540e+14
618 5.564545e+14
619 5.564545e+14
620 5.582563e+14
621 5.582563e+14
622 5.588569e+14
623 5.588569e+14
624 5.594574e+14
625 5.594574e+14
626 5.594574e+14
627 5.606586e+14
628 5.624603e+14
629 5.636615e+14
630 5.636615e+14
631 5.642621e+14
632 5.642621e+14
633 5.654632e+14
634 5.660638e+14
635 5.666644e+14
636 5.672650e+14
637 5.672650e+14
638 5.678656e+14
639 5.678656e+14
640 5.678656e+14
641 5.678656e+14
642 5.684662e+14
643 5.684662e+14
644 5.690667e+14
645 5.696673e+14
646 5.702679e+14
647 5.708685e+14
648 5.714691e+14
649 5.720696e+14
650 5.720696e+14
651 5.726702e+14
652 5.726702e+14
653 5.732708e+14
654 5.738714e+14
655 5.744720e+14
656 5.750725e+14
657 5.750725e+14
658 5.756731e+14
659 5.762737e+14
660 5.768743e+14
661 5.768743e+14
662 5.774749e+14
663 5.780754e+14
664 5.780754e+14
665 5.780754e+14
666 5.786760e+14
667 5.786760e+14
668 5.786760e+14
669 5.786760e+14
670 5.792766e+14
671 5.792766e+14
672 5.804778e+14
673 5.804778e+14
674 5.804778e+14
675 5.810783e+14
676 5.816789e+14
677 5.816789e+14
678 5.816789e+14
679 5.822795e+14
680 5.828801e+14
681 5.828801e+14
682 5.840812e+14
683 5.846818e+14
684 5.852824e+14
685 5.864836e+14
686 5.870841e+14
687 5.876847e+14
688 5.882853e+14
689 5.894865e+14
690 5.894865e+14
691 5.900870e+14
692 5.900870e+14
693 5.900870e+14
694 5.906876e+14
695 5.912882e+14
696 5.918888e+14
697 5.924894e+14
698 5.930899e+14
699 5.936905e+14
700 5.942911e+14
701 5.942911e+14
702 5.948917e+14
703 5.954923e+14
704 5.954923e+14
705 5.960928e+14
706 5.966934e+14
707 5.966934e+14
708 5.966934e+14
709 5.978946e+14
710 5.978946e+14
711 5.990957e+14
712 5.990957e+14
713 5.996963e+14
714 6.008975e+14
715 6.014981e+14
716 6.020986e+14
717 6.020986e+14
718 6.026992e+14
719 6.032998e+14
720 6.039004e+14
721 6.039004e+14
722 6.039004e+14
723 6.045010e+14
724 6.045010e+14
725 6.057021e+14
726 6.057021e+14
727 6.075039e+14
728 6.081044e+14
729 6.081044e+14
730 6.087050e+14
731 6.087050e+14
732 6.087050e+14
733 6.111073e+14
734 6.111073e+14
735 6.111073e+14
736 6.111073e+14
737 6.111073e+14
738 6.123085e+14
739 6.123085e+14
740 6.129091e+14
741 6.135097e+14
742 6.135097e+14
743 6.135097e+14
744 6.135097e+14
745 6.147108e+14
746 6.159120e+14
747 6.165126e+14
748 6.171132e+14
749 6.171132e+14
750 6.177137e+14
751 6.189149e+14
752 6.195155e+14
753 6.195155e+14
754 6.201161e+14
755 6.219178e+14
756 6.219178e+14
757 6.225184e+14
758 6.225184e+14
759 6.225184e+14
760 6.231190e+14
761 6.237195e+14
762 6.243201e+14
763 6.243201e+14
764 6.249207e+14
765 6.261219e+14
766 6.261219e+14
767 6.261219e+14
768 6.267224e+14
769 6.279236e+14
770 6.279236e+14
771 6.285242e+14
772 6.291248e+14
773 6.291248e+14
774 6.303259e+14
775 6.309265e+14
776 6.315271e+14
777 6.321277e+14
778 6.321277e+14
779 6.327282e+14
780 6.327282e+14
781 6.333288e+14
782 6.333288e+14
783 6.339294e+14
784 6.339294e+14
785 6.345300e+14
786 6.351306e+14
787 6.351306e+14
788 6.357311e+14
789 6.357311e+14
790 6.357311e+14
791 6.363317e+14
792 6.363317e+14
793 6.393346e+14
794 6.405358e+14
795 6.405358e+14
796 6.411364e+14
797 6.423375e+14
798 6.423375e+14
799 6.429381e+14
800 6.429381e+14
801 6.447398e+14
802 6.459410e+14
803 6.465416e+14
804 6.471422e+14
805 6.471422e+14
806 6.489439e+14
807 6.495445e+14
808 6.495445e+14
809 6.507456e+14
810 6.513462e+14
811 6.513462e+14
812 6.519468e+14
813 6.525474e+14
814 6.549497e+14
815 6.555503e+14
816 6.555503e+14
817 6.561509e+14
818 6.579526e+14
819 6.579526e+14
820 6.585532e+14
821 6.597544e+14
822 6.597544e+14
823 6.603549e+14
824 6.603549e+14
825 6.603549e+14
826 6.615561e+14
827 6.633578e+14
828 6.633578e+14
829 6.639584e+14
830 6.675619e+14
831 6.675619e+14
832 6.681625e+14
833 6.681625e+14
834 6.699642e+14
835 6.705648e+14
836 6.711654e+14
837 6.717660e+14
838 6.729671e+14
839 6.753694e+14
840 6.753694e+14
841 6.765706e+14
842 6.789729e+14
843 6.795735e+14
844 6.795735e+14
845 6.801741e+14
846 6.807747e+14
847 6.813752e+14
848 6.831770e+14
849 6.837776e+14
850 6.843781e+14
851 6.849787e+14
852 6.855793e+14
853 6.861799e+14
854 6.861799e+14
855 6.867805e+14
856 6.867805e+14
857 6.873810e+14
858 6.873810e+14
859 6.879816e+14
860 6.885822e+14
861 6.903839e+14
862 6.921857e+14
863 6.945880e+14
864 6.951886e+14
865 6.957892e+14
866 6.957892e+14
867 6.963897e+14
868 6.963897e+14
869 6.987921e+14
870 6.987921e+14
871 6.999932e+14
872 7.011944e+14
873 7.017950e+14
874 7.029961e+14
875 7.041973e+14
876 7.047979e+14
877 7.072002e+14
878 7.072002e+14
879 7.078008e+14
880 7.090019e+14
881 7.090019e+14
882 7.090019e+14
883 7.096025e+14
884 7.108037e+14
885 7.114043e+14
886 7.120048e+14
887 7.126054e+14
888 7.126054e+14
889 7.132060e+14
890 7.156083e+14
891 7.174101e+14
892 7.180106e+14
893 7.180106e+14
894 7.186112e+14
895 7.222147e+14
896 7.228153e+14
897 7.228153e+14
898 7.246170e+14
899 7.252176e+14
900 7.264188e+14
901 7.264188e+14
902 7.282205e+14
903 7.282205e+14
904 7.282205e+14
905 7.312234e+14
906 7.324246e+14
907 7.336257e+14
908 7.348269e+14
909 7.366286e+14
910 7.366286e+14
911 7.372292e+14
912 7.378298e+14
913 7.378298e+14
914 7.390309e+14
915 7.396315e+14
916 7.396315e+14
917 7.402321e+14
918 7.402321e+14
919 7.408327e+14
920 7.414333e+14
921 7.414333e+14
922 7.444362e+14
923 7.450367e+14
924 7.492408e+14
925 7.498414e+14
926 7.504420e+14
927 7.504420e+14
928 7.510426e+14
929 7.510426e+14
930 7.528443e+14
931 7.552466e+14
932 7.558472e+14
933 7.570484e+14
934 7.576489e+14
935 7.600513e+14
936 7.606518e+14
937 7.618530e+14
938 7.624536e+14
939 7.624536e+14
940 7.660571e+14
941 7.660571e+14
942 7.672582e+14
943 7.678588e+14
944 7.678588e+14
945 7.690600e+14
946 7.696605e+14
947 7.714623e+14
948 7.714623e+14
949 7.714623e+14
950 7.714623e+14
951 7.726634e+14
952 7.738646e+14
953 7.846750e+14
954 7.858762e+14
955 7.882785e+14
956 7.894797e+14
957 7.900803e+14
958 7.936838e+14
959 7.954855e+14
960 7.978878e+14
961 7.996896e+14
962 8.038936e+14
963 8.038936e+14
964 8.056954e+14
965 8.068965e+14
966 8.074971e+14
967 8.080977e+14
968 8.105000e+14
969 8.129023e+14
970 8.135029e+14
971 8.141035e+14
972 8.147041e+14
973 8.147041e+14
974 8.165058e+14
975 8.165058e+14
976 8.195087e+14
977 8.195087e+14
978 8.213104e+14
979 8.231122e+14
980 8.267157e+14
981 8.273162e+14
982 8.375261e+14
983 8.387273e+14
984 8.393279e+14
985 8.423308e+14
986 8.429313e+14
987 8.471354e+14
988 8.471354e+14
989 8.483366e+14
990 8.675551e+14
991 8.861731e+14
992 9.005870e+14
993 9.059923e+14
994 9.077940e+14
995 9.186044e+14
996 9.288143e+14
997 9.288143e+14
998 9.450300e+14
999 9.684526e+14
1000 9.822660e+14
